chr17	81976806	81996843	ENST00000581484.5	0	+	81976886	81996843	0,0,0	7	173,56,115,101,58,74,424,	0,2377,6747,8700,18014,19185,19613,
chr17	81977549	82017404	ENST00000306729.11	0	+	81977646	82017322	0,0,0	17	199,56,115,101,58,74,427,155,82,67,63,53,282,52,70,173,96,	0,1634,6004,7957,17271,18442,18870,31487,31936,33252,33993,34681,37525,38926,39250,39391,39759,
chr17	81977601	81996846	ENST00000344865.10	0	+	81977646	81982632	0,0,0	8	147,56,63,115,101,58,74,427,	0,1582,5012,5952,7905,17219,18390,18818,
chr17	81977628	82017406	ENST00000306739.9	0	+	81977646	82017322	0,0,0	16	120,56,115,101,58,74,427,155,82,67,63,53,52,70,173,98,	0,1555,5925,7878,17192,18363,18791,31408,31857,33173,33914,34602,38847,39171,39312,39680,
chr17	81977630	81995150	ENST00000581647.5	0	+	81977646	81994995	0,0,0	5	118,56,115,101,330,	0,1553,5923,7876,17190,
chr17	81977633	82017404	ENST00000580534.5	0	+	81983626	82017322	0,0,0	15	115,115,101,58,74,427,155,82,67,63,128,52,70,173,96,	0,5920,7873,17187,18358,18786,31403,31852,33168,33909,34522,38842,39166,39307,39675,
chr17	81977640	82010825	ENST00000583503.5	0	+	81977646	82009145	0,0,0	7	108,56,115,101,155,82,24,	0,1543,5913,7866,31396,31845,33161,
chr17	81977704	81995147	ENST00000579684.5	0	+	81977704	81995147	0,0,0	6	44,56,115,101,58,190,	0,1479,5849,7802,17116,17253,
chr17	81977898	81983626	ENST00000582019.5	0	+	81983612	81983626	0,0,0	3	906,56,73,	0,1285,5655,
chr17	81978185	82017406	ENST00000584454.5	0	+	81983626	82016988	0,0,0	17	154,56,115,101,58,74,427,155,82,121,67,63,53,52,70,173,98,	0,998,5368,7321,16635,17806,18234,30851,31300,31746,32616,33357,34045,38290,38614,38755,39123,
chr17	81995442	82017037	ENST00000582355.6	0	+	81996426	82017037	0,0,0	11	106,74,427,155,82,67,63,53,52,70,97,	0,549,977,13594,14043,15359,16100,16788,21033,21357,21498,
chr17	82004344	82017404	ENST00000577733.5	0	+	82004344	82004344	0,0,0	9	4847,82,67,63,53,52,70,173,96,	0,5141,6457,7198,7886,12131,12455,12596,12964,
chr17	82006641	82017404	ENST00000578236.5	0	+	82006641	82006641	0,0,0	8	2550,82,67,63,53,52,314,96,	0,2844,4160,4901,5589,9834,10158,10667,
chr17	82007434	82017403	ENST00000581608.5	0	+	82007434	82007434	0,0,0	9	1757,82,67,63,53,52,70,148,95,	0,2051,3367,4108,4796,9041,9365,9506,9874,
chr17	82009485	82017369	ENST00000585274.1	0	+	82009485	82009485	0,0,0	6	82,67,63,53,658,61,	0,1316,2057,2745,6990,7823,
chr17	82010810	82017403	ENST00000583744.1	0	+	82010810	82017403	0,0,0	7	58,63,53,52,70,148,95,	0,732,1420,5665,5989,6130,6498,
chr17	82012083	82017403	ENST00000578361.5	0	+	82012083	82012083	0,0,0	5	200,52,70,173,95,	0,4392,4716,4857,5225,
chr17	82012881	82017401	ENST00000583142.5	0	+	82012881	82012881	0,0,0	5	169,52,70,148,93,	0,3594,3918,4059,4427,
chr17	82013233	82017404	ENST00000583693.5	0	+	82013233	82013233	0,0,0	2	3880,96,	0,4075,
chr17	82015213	82017404	ENST00000582404.5	0	+	82015213	82015213	0,0,0	5	143,52,70,173,96,	0,1262,1586,1727,2095,
chr17	82016193	82017370	ENST00000585140.1	0	+	82016193	82016193	0,0,0	5	115,52,70,148,62,	0,282,606,747,1115,
