chr17	50719564	50737360	ENST00000625349.2	0	+	50719732	50737360	0,0,0	3	267,67,74,	0,17395,17722,
chr17	50719569	50744813	ENST00000508045.5	0	+	50719732	50737360	0,0,0	9	262,67,193,63,40,145,75,105,162,	0,17390,17717,18567,20736,21532,22087,24136,25082,
chr17	50719596	50741292	ENST00000508218.5	0	+	50719596	50719596	0,0,0	4	235,67,40,191,	0,17363,20709,21505,
chr17	50719597	50738196	ENST00000506686.5	0	+	50719732	50737360	0,0,0	4	234,67,193,88,	0,17362,17689,18511,
chr17	50719597	50741149	ENST00000509335.5	0	+	50719732	50737360	0,0,0	5	234,67,193,40,48,	0,17362,17689,20708,21504,
chr17	50719598	50743792	ENST00000504563.6	0	+	50719732	50737360	0,0,0	7	233,67,193,40,145,75,87,	0,17361,17688,20707,21503,22058,24107,
chr17	50719598	50751617	ENST00000393227.6	0	+	50719732	50750937	0,0,0	11	233,67,40,145,75,105,162,284,161,141,871,	0,17361,20707,21503,22058,24107,25053,26121,26943,30902,31148,
chr17	50719602	50752709	ENST00000240304.5	0	+	50719732	50750661	0,0,0	11	229,67,40,145,75,105,162,284,161,194,510,	0,17357,20703,21499,22054,24103,25049,26117,26939,30898,32597,
chr17	50719602	50756219	ENST00000505658.6	0	+	50719732	50750661	0,0,0	10	229,67,40,145,75,105,162,284,161,5719,	0,17357,20703,21499,22054,24103,25049,26117,26939,30898,
chr17	50719628	50741712	ENST00000505619.5	0	+	50719732	50741712	0,0,0	6	203,147,67,40,145,56,	0,4190,17331,20677,21473,22028,
chr17	50719628	50751004	ENST00000508482.5	0	+	50719732	50741127	0,0,0	10	203,40,145,75,105,162,284,161,141,281,	0,20677,21473,22028,24077,25023,26091,26913,30872,31095,
chr17	50719646	50741232	ENST00000510984.5	0	+	50741123	50741232	0,0,0	5	185,82,67,40,131,	0,3017,17313,20659,21455,
chr17	50719801	50743799	ENST00000507200.5	0	+	50719801	50738163	0,0,0	7	30,67,59,40,145,75,94,	0,17158,18339,20504,21300,21855,23904,
chr17	50722073	50724224	ENST00000623774.1	0	+	50722073	50722073	0,0,0	1	2151,	0,
chr17	50736634	50741673	ENST00000513025.2	0	+	50741123	50741673	0,0,0	4	392,40,145,17,	0,3671,4467,5022,
chr17	50740266	50744808	ENST00000507503.1	0	+	50740266	50740266	0,0,0	5	79,145,75,105,157,	0,835,1390,3439,4385,
chr17	50743671	50744789	ENST00000511068.1	0	+	50743671	50743671	0,0,0	2	139,138,	0,980,
chr17	50744660	50750847	ENST00000504065.5	0	+	50744660	50749244	0,0,0	5	153,284,161,126,347,	0,1059,1881,4558,5840,
chr17	50745905	50751013	ENST00000509487.1	0	+	50745905	50749288	0,0,0	4	98,161,121,267,	0,636,3318,4841,
chr17	50746574	50751569	ENST00000511974.5	0	+	50746574	50751321	0,0,0	3	128,106,273,	0,4172,4722,
chr17	50746613	50752282	ENST00000513969.5	0	+	50746613	50752233	0,0,0	4	89,141,106,83,	0,3887,4133,5586,
chr17	50746618	50752585	ENST00000503728.1	0	+	50746618	50751321	0,0,0	5	84,141,106,66,386,	0,3882,4128,4678,5581,
chr17	50748388	50750550	ENST00000512549.1	0	+	50748388	50748388	0,0,0	3	28,126,50,	0,830,2112,
chr17	50751050	50752550	ENST00000503798.1	0	+	50751050	50751050	0,0,0	2	312,351,	0,1149,
