chr22	20495912	20555135	ENST00000445987.5	0	+	20537126	20555135	0,0,0	6	124,96,88,52,30,200,	0,4828,41204,55523,57232,59023,
chr22	20507540	20564493	ENST00000444094.5	0	+	20507678	20554944	0,0,0	4	206,88,213,44,	0,29576,47395,56909,
chr22	20507581	20551748	ENST00000486656.5	0	+	20507581	20507581	0,0,0	3	165,99,313,	0,29535,43854,
chr22	20507581	20564500	ENST00000414658.5	0	+	20537126	20564500	0,0,0	7	165,118,88,52,30,213,51,	0,11296,29535,43854,45563,47354,56868,
chr22	20507584	20587619	ENST00000433831.5	0	+	20507678	20551436	0,0,0	17	162,99,52,30,213,239,351,111,137,128,135,64,67,161,167,99,1052,	0,29532,43851,45560,47351,56865,58882,60936,75026,75255,75528,75745,76774,77270,77516,78143,78983,
chr22	20507593	20564606	ENST00000432052.5	0	+	20537126	20564606	0,0,0	6	153,118,88,52,30,157,	0,11284,29523,43842,45551,56856,
chr22	20507601	20587632	ENST00000292733.11	0	+	20507678	20586704	0,0,0	17	145,88,52,30,213,239,351,111,137,128,135,64,67,161,167,99,1065,	0,29515,43834,45543,47334,56848,58865,60919,75009,75238,75511,75728,76757,77253,77499,78126,78966,
chr22	20507609	20587619	ENST00000263205.11	0	+	20507678	20586704	0,0,0	18	137,88,52,30,213,239,351,111,120,137,128,135,64,67,161,167,99,1052,	0,29507,43826,45535,47326,56840,58857,60911,67503,75001,75230,75503,75720,76749,77245,77491,78118,78958,
chr22	20507611	20564466	ENST00000477824.5	0	+	20507611	20507611	0,0,0	5	135,118,88,213,17,	0,11266,29505,47324,56838,
chr22	20507617	20587617	ENST00000406969.5	0	+	20537126	20586704	0,0,0	17	118,88,52,30,213,239,351,111,137,128,135,64,67,161,167,99,1050,	0,29499,43818,45527,47318,56832,58849,60903,74993,75222,75495,75712,76741,77237,77483,78110,78950,
chr22	20507640	20586867	ENST00000382974.6	0	+	20507678	20586704	0,0,0	16	106,88,52,30,239,351,111,137,128,135,64,67,161,167,99,300,	0,29476,43795,45504,56809,58826,60880,74970,75199,75472,75689,76718,77214,77460,78087,78927,
chr22	20508047	20564509	ENST00000441501.5	0	+	20508272	20537130	0,0,0	6	397,88,52,30,213,60,	0,29069,43388,45097,46888,56402,
chr22	20508056	20537183	ENST00000438962.1	0	+	20508272	20537183	0,0,0	3	388,118,67,	0,10821,29060,
chr22	20522069	20523870	ENST00000420225.1	0	-	20522069	20522069	0,0,0	3	138,296,218,	0,661,1583,
chr22	20523642	20555148	ENST00000445189.5	0	+	20537126	20555148	0,0,0	5	213,88,52,30,213,	0,13474,27793,29502,31293,
chr22	20524274	20555091	ENST00000451058.5	0	+	20537126	20555091	0,0,0	5	92,88,52,30,156,	0,12842,27161,28870,30661,
chr22	20524286	20564624	ENST00000473028.5	0	+	20524286	20524286	0,0,0	4	80,88,213,175,	0,12830,30649,40163,
chr22	20550986	20564597	ENST00000457322.5	0	+	20551127	20564597	0,0,0	5	180,52,30,213,148,	0,449,2158,3949,13463,
chr22	20551006	20564598	ENST00000428629.5	0	+	20551332	20564598	0,0,0	4	341,52,30,149,	0,429,2138,13443,
chr22	20551240	20564636	ENST00000424287.5	0	+	20551332	20564636	0,0,0	5	107,52,30,213,187,	0,195,1904,3695,13209,
chr22	20551289	20566536	ENST00000423862.5	0	+	20551289	20566536	0,0,0	7	58,52,30,60,72,239,70,	0,146,1855,3646,3787,13160,15177,
chr22	20551312	20555077	ENST00000420849.5	0	+	20551332	20552582	0,0,0	5	35,52,171,30,142,	0,123,1226,1832,3623,
chr22	20551406	20566490	ENST00000487550.5	0	+	20551406	20551406	0,0,0	5	81,30,213,239,24,	0,1738,3529,13043,15060,
chr22	20553096	20566526	ENST00000476767.5	0	+	20553096	20553096	0,0,0	4	78,213,239,60,	0,1839,11353,13370,
chr22	20554238	20587617	ENST00000492381.5	0	+	20554238	20554238	0,0,0	13	910,239,351,111,137,128,135,64,67,161,167,99,1050,	0,10211,12228,14282,28372,28601,28874,29091,30120,30616,30862,31489,32329,
chr22	20566464	20583227	ENST00000478831.5	0	+	20566464	20566464	0,0,0	4	353,111,128,115,	0,2056,16375,16648,
chr22	20573677	20587617	ENST00000489651.5	0	+	20573677	20573677	0,0,0	10	1555,137,128,135,64,67,161,167,99,1050,	0,8933,9162,9435,9652,10681,11177,11423,12050,12890,
chr22	20581900	20587632	ENST00000473244.5	0	+	20581900	20581900	0,0,0	9	847,128,135,64,67,161,167,99,1065,	0,939,1212,1429,2458,2954,3200,3827,4667,
chr22	20582093	20587617	ENST00000493216.1	0	+	20582093	20582093	0,0,0	3	1154,2497,1050,	0,1236,4474,
chr22	20582929	20583749	ENST00000476187.1	0	+	20582929	20582929	0,0,0	3	38,135,420,	0,183,400,
chr22	20583337	20585803	ENST00000461076.1	0	+	20583337	20583337	0,0,0	3	56,67,703,	0,1021,1763,
chr22	20584945	20585423	ENST00000436496.2	0	+	20584945	20584945	0,0,0	2	70,323,	0,155,
chr22	20587495	20592218	ENST00000508880.1	0	-	20587495	20587495	0,0,0	6	251,182,220,179,28,263,	0,333,1311,2335,3383,4460,
