chrX	71239623	71255146	ENST00000373998.5	0	-	71240915	71253255	0,0,0	25	1485,118,255,115,152,169,104,147,175,113,160,62,166,173,151,87,116,151,219,178,295,67,44,686,679,	0,1603,2546,3346,4205,4678,5166,5715,6044,6362,6729,7007,7721,8110,8538,8814,9062,9395,9837,10402,10808,11554,11934,12965,14844,
chrX	71239625	71255060	ENST00000373988.5	0	-	71240915	71253255	0,0,0	25	1483,118,255,115,152,169,104,147,175,113,160,98,166,173,151,87,116,151,219,178,295,73,44,686,593,	0,1601,2544,3344,4203,4676,5164,5713,6042,6360,6727,6969,7719,8108,8536,8812,9060,9393,9835,10400,10806,11552,11932,12963,14842,
chrX	71254813	71301168	ENST00000677446.1	0	+	71290637	71300076	0,0,0	13	187,107,57,163,194,302,96,197,85,103,40,110,1227,	0,28801,29583,35815,36965,39413,41751,42037,42563,43022,43655,43893,45128,
chrX	71266028	71301160	ENST00000677274.1	0	+	71290637	71300076	0,0,0	11	699,163,194,302,96,197,85,103,40,110,1219,	0,24600,25750,28198,30536,30822,31348,31807,32440,32678,33913,
chrX	71283191	71301166	ENST00000535149.5	0	+	71291891	71300076	0,0,0	10	530,194,302,96,197,85,103,40,110,1225,	0,8587,11035,13373,13659,14185,14644,15277,15515,16750,
chrX	71283589	71301160	ENST00000420903.6	0	+	71290637	71300076	0,0,0	13	132,57,114,163,194,302,96,197,85,103,40,110,1219,	0,807,1394,7039,8189,10637,12975,13261,13787,14246,14879,15117,16352,
chrX	71283609	71300110	ENST00000373856.8	0	+	71290637	71300110	0,0,0	13	112,57,163,194,302,96,197,85,103,40,110,98,169,	0,787,7019,8169,10617,12955,13241,13767,14226,14859,15097,16051,16332,
chrX	71283609	71301131	ENST00000679267.1	0	+	71283609	71283609	0,0,0	9	112,57,163,194,302,96,197,1132,2425,	0,787,7019,8169,10617,12955,13241,13767,15097,
chrX	71283609	71301150	ENST00000677766.1	0	+	71283609	71283609	0,0,0	8	112,57,163,194,302,96,197,3774,	0,787,7019,8169,10617,12955,13241,13767,
chrX	71283609	71301158	ENST00000473525.2	0	+	71283609	71283609	0,0,0	11	112,57,163,194,302,96,197,85,673,110,1217,	0,787,7019,8169,10617,12955,13241,13767,14226,15097,16332,
chrX	71283609	71301158	ENST00000676495.1	0	+	71283609	71283609	0,0,0	9	112,57,163,194,302,96,1658,110,1217,	0,787,7019,8169,10617,12955,13241,15097,16332,
chrX	71283609	71301158	ENST00000676499.1	0	+	71283609	71283609	0,0,0	11	112,57,163,194,302,96,197,85,921,110,1217,	0,787,7019,8169,10617,12955,13241,13767,13978,15097,16332,
chrX	71283609	71301158	ENST00000678323.1	0	+	71283609	71283609	0,0,0	10	112,57,163,194,302,96,197,1148,110,1217,	0,787,7019,8169,10617,12955,13241,13751,15097,16332,
chrX	71283609	71301158	ENST00000678437.1	0	+	71290637	71300076	0,0,0	12	112,57,163,194,302,96,197,85,103,31,110,1217,	0,787,7019,8169,10617,12955,13241,13767,14226,14868,15097,16332,
chrX	71283609	71301160	ENST00000677826.1	0	+	71283609	71283609	0,0,0	10	112,57,163,194,302,483,562,40,110,1219,	0,787,7019,8169,10617,12955,13767,14859,15097,16332,
chrX	71283609	71301160	ENST00000678335.1	0	+	71290637	71297894	0,0,0	12	112,57,163,194,302,96,197,85,99,40,110,1219,	0,787,7019,8169,10617,12955,13241,13767,14230,14859,15097,16332,
chrX	71283609	71301160	ENST00000678830.1	0	+	71290637	71300076	0,0,0	13	112,57,163,194,302,96,197,85,90,103,40,110,1219,	0,787,7019,8169,10617,12955,13241,13767,13978,14226,14859,15097,16332,
chrX	71283612	71295154	ENST00000679254.1	0	+	71283612	71283612	0,0,0	4	109,57,1344,928,	0,784,7016,10614,
chrX	71283624	71301158	ENST00000677245.1	0	+	71290637	71296609	0,0,0	9	97,57,163,194,96,197,1132,110,1217,	0,772,7004,8154,12940,13226,13752,15082,16317,
chrX	71283624	71301160	ENST00000677879.1	0	+	71290637	71300076	0,0,0	12	97,57,163,194,122,96,197,85,103,40,110,1219,	0,772,7004,8154,10602,12940,13226,13752,14211,14844,15082,16317,
chrX	71283632	71301168	ENST00000373841.5	0	+	71290637	71300076	0,0,0	11	89,163,194,302,96,197,85,103,40,110,1227,	0,6996,8146,10594,12932,13218,13744,14203,14836,15074,16309,
chrX	71283634	71301158	ENST00000677218.1	0	+	71283634	71283634	0,0,0	11	87,57,114,163,194,302,96,197,1132,110,1217,	0,762,1349,6994,8144,10592,12930,13216,13742,15072,16307,
chrX	71283634	71301168	ENST00000276079.13	0	+	71290637	71300076	0,0,0	12	87,57,163,194,302,96,197,85,103,40,110,1227,	0,762,6994,8144,10592,12930,13216,13742,14201,14834,15072,16307,
chrX	71283634	71301168	ENST00000679029.1	0	+	71290637	71298721	0,0,0	11	87,57,163,194,302,96,197,85,40,110,1227,	0,762,6994,8144,10592,12930,13216,13742,14834,15072,16307,
chrX	71283640	71286213	ENST00000678414.1	0	+	71283640	71283640	0,0,0	3	81,57,849,	0,756,1724,
chrX	71283640	71301522	ENST00000676797.1	0	+	71291891	71300076	0,0,0	11	95,148,194,302,96,197,85,103,40,110,1581,	0,7003,8138,10586,12924,13210,13736,14195,14828,15066,16301,
chrX	71283643	71295018	ENST00000679062.1	0	+	71283643	71283643	0,0,0	3	78,1344,792,	0,6985,10583,
chrX	71283647	71301160	ENST00000678660.1	0	+	71290637	71300076	0,0,0	12	74,57,178,194,302,96,197,85,103,40,110,1219,	0,749,6981,8131,10579,12917,13203,13729,14188,14821,15059,16294,
chrX	71283649	71301522	ENST00000677014.1	0	+	71290637	71291797	0,0,0	12	72,57,167,188,302,96,197,85,103,40,110,1581,	0,747,6979,8135,10577,12915,13201,13727,14186,14819,15057,16292,
chrX	71283651	71286174	ENST00000678852.1	0	+	71283651	71283651	0,0,0	4	70,57,114,810,	0,745,1332,1713,
chrX	71283651	71300269	ENST00000474431.5	0	+	71283651	71283651	0,0,0	5	70,96,40,110,328,	0,14191,14817,15055,16290,
chrX	71283651	71301160	ENST00000678231.1	0	+	71290637	71300076	0,0,0	13	70,57,108,163,194,302,96,197,85,103,40,110,1219,	0,745,4775,6977,8127,10575,12913,13199,13725,14184,14817,15055,16290,
chrX	71283653	71301522	ENST00000677612.1	0	+	71290637	71300076	0,0,0	12	72,52,163,194,302,96,197,85,103,40,110,1581,	0,748,6975,8125,10573,12911,13197,13723,14182,14815,15053,16288,
chrX	71283662	71298924	ENST00000471419.7	0	+	71283662	71283662	0,0,0	6	59,57,1344,302,96,2074,	0,734,6966,10564,12902,13188,
chrX	71283662	71301158	ENST00000677977.1	0	+	71283662	71283662	0,0,0	9	59,57,1344,302,483,85,673,110,1217,	0,734,6966,10564,12902,13714,14173,15044,16279,
chrX	71283671	71300855	ENST00000472185.1	0	+	71283671	71283671	0,0,0	3	50,10,337,	0,725,16847,
chrX	71283675	71297452	ENST00000413858.5	0	+	71290637	71297452	0,0,0	7	46,57,163,194,122,197,76,	0,721,6953,8103,10551,13175,13701,
chrX	71283693	71294130	ENST00000486613.6	0	+	71283693	71283693	0,0,0	5	28,57,163,194,113,	0,703,6935,8085,10324,
chrX	71283760	71300076	ENST00000450092.6	0	+	71290637	71300076	0,0,0	12	228,57,163,194,302,96,197,85,103,40,110,135,	0,636,6868,8018,10466,12804,13090,13616,14075,14708,14946,16181,
chrX	71284193	71300076	ENST00000454976.2	0	+	71290637	71300076	0,0,0	12	38,57,163,194,302,96,197,85,103,40,110,135,	0,203,6435,7585,10033,12371,12657,13183,13642,14275,14513,15748,
chrX	71291868	71297925	ENST00000418921.1	0	+	71291868	71297925	0,0,0	6	104,131,96,197,85,90,	0,2529,4696,4982,5508,5967,
chrX	71291994	71301168	ENST00000490044.5	0	+	71291994	71291994	0,0,0	9	1047,310,96,197,85,103,40,110,1227,	0,2224,4570,4856,5382,5841,6474,6712,7947,
