Sample	Chromosome	Start	End	Length.snp.	Median_Ratio	Median_HaplotypeRatio	Median_logR	TITAN_state	TITAN_call	Copy_Number	MinorCN	MajorCN	Clonal_Cluster	Cellular_Prevalence	logR_Copy_Number	Corrected_logR	Corrected_Ratio	Corrected_Copy_Number	Corrected_Call	Corrected_MajorCN	Corrected_MinorCN
DTRCC6_LKidneyResection	chr1	6059963	6379300	17	0.8125	0.803828	-0.343957	9	ALOH	5	0	5	1	1	1.124763951	-0.677572925	1	1	HETD	1	0
DTRCC6_LKidneyResection	chr1	81477022	81739658	41	0.761905	0.752988	-0.080847	1	DLOH	1	0	1	1	1	1.62577823	-0.146064712	0.967655675	1	HETD	1	0
DTRCC6_LKidneyResection	chr1	18978695	19281428	64	0.736842	0.732877	-0.327232	10	ASCNA	5	1	4	1	1	1.153964766	-0.640596012	1	1	HETD	1	0
DTRCC6_LKidneyResection	chr1	10995429	11976920	65	0.761905	0.764706	-0.333165	10	ASCNA	5	1	4	1	1	1.14356735	-0.653653852	1	1	HETD	1	0
DTRCC6_LKidneyResection	chr1	30686919	31220735	65	0.75	0.75119	-0.282005	10	ASCNA	5	1	4	1	1	1.234644913	-0.543099008	1	1	HETD	1	0
DTRCC6_LKidneyResection	chr1	41373492	42136282	93	0.791667	0.776878	0.095152	10	ASCNA	5	1	4	1	1	2.015704965	0.164089303	0.966369406	2	NEUT	2	0
DTRCC6_LKidneyResection	chr1	19281429	20233680	125	0.764706	0.764268	-0.339299	1	DLOH	1	0	1	1	1	1.132862548	-0.667222359	1	1	HETD	1	0
DTRCC6_LKidneyResection	chr1	234724951	236288408	125	0.722222	0.724066	0.419574	7	ASCNA	4	1	3	1	1	2.871853994	0.674787217	0.831698057	4	AMP	3	1
DTRCC6_LKidneyResection	chr1	29590539	29972989	129	0.722222	0.709154	-0.201718	10	ASCNA	5	1	4	1	1	1.384249231	-0.378091466	0.91759345	1	HETD	1	0
DTRCC6_LKidneyResection	chr1	17963910	18353607	137	0.75	0.729447	-0.239483	10	ASCNA	5	1	4	1	1	1.312841548	-0.454502385	0.970547497	1	HETD	1	0
DTRCC6_LKidneyResection	chr1	18353608	18978694	145	0.75	0.750336	-0.280989	1	DLOH	1	0	1	1	1	1.236486555	-0.540948634	1	1	HETD	1	0
DTRCC6_LKidneyResection	chr1	918574	3244961	163	0.727273	0.718062	-0.341459	1	DLOH	1	0	1	1	1	1.129103829	-0.672017029	0.984486492	1	HETD	1	0
DTRCC6_LKidneyResection	chr1	3244962	4264068	167	0.730769	0.725	-0.279816	10	ASCNA	5	1	4	1	1	1.238614394	-0.538468069	0.975596171	1	HETD	1	0
DTRCC6_LKidneyResection	chr1	29972990	30686918	198	0.737986	0.733083	-0.241114	1	DLOH	1	0	1	1	1	1.309799491	-0.457849211	0.978573006	1	HETD	1	0
DTRCC6_LKidneyResection	chr1	228956194	231421441	324	0.714286	0.702703	0.464278	7	ASCNA	4	1	3	1	1	3.005651237	0.740482428	0.795738699	4	AMP	3	1
DTRCC6_LKidneyResection	chr1	20233681	22723465	346	0.75	0.74021	-0.228976	10	ASCNA	5	1	4	1	1	1.332521317	-0.433036574	0.988892344	1	HETD	1	0
DTRCC6_LKidneyResection	chr1	6379301	10995428	397	0.733333	0.733463	-0.369914	1	DLOH	1	0	1	1	1	1.080109733	-0.736017297	1	1	HETD	1	0
DTRCC6_LKidneyResection	chr1	4264069	6059962	402	0.740741	0.736719	-0.3348	1	DLOH	1	0	1	1	1	1.140709565	-0.657263671	1	1	HETD	1	0
DTRCC6_LKidneyResection	chr1	22723466	29590538	412	0.730769	0.734375	-0.285481	1	DLOH	1	0	1	1	1	1.228353979	-0.55046882	0.99759312	1	HETD	1	0
DTRCC6_LKidneyResection	chr1	31220736	35839303	448	0.729021	0.729927	-0.283777	1	DLOH	1	0	1	1	1	1.231436018	-0.546853515	0.987503452	1	HETD	1	0
DTRCC6_LKidneyResection	chr1	231421442	234724950	486	0.7	0.702804	0.406453	5	GAIN	3	1	2	1	1	2.833363959	0.655320748	0.801546061	3	GAIN	2	1
DTRCC6_LKidneyResection	chr1	35839304	41373491	491	0.785714	0.779456	-0.025752	2	NLOH	2	0	2	1	1	1.742767021	-0.045815469	1	2	NEUT	2	0
DTRCC6_LKidneyResection	chr1	159711513	164144617	539	0.702703	0.695652	0.422616	5	GAIN	3	1	2	1	1	2.880827702	0.679288191	0.789342389	3	GAIN	2	1
DTRCC6_LKidneyResection	chr1	11976921	17963909	563	0.733333	0.731175	-0.322477	1	DLOH	1	0	1	1	1	1.162328692	-0.630177084	1	1	HETD	1	0
DTRCC6_LKidneyResection	chr1	208440729	216483837	991	0.702703	0.709713	0.421592	5	GAIN	3	1	2	1	1	2.877804854	0.677773578	0.810242159	3	GAIN	2	1
DTRCC6_LKidneyResection	chr1	236288409	248390639	1004	0.705882	0.700461	0.345609	5	GAIN	3	1	2	1	1	2.6593849	0.563897411	0.804447445	3	GAIN	2	1
DTRCC6_LKidneyResection	chr1	216483838	227896231	1259	0.705882	0.701271	0.408107	7	ASCNA	4	1	3	1	1	2.838196654	0.657779368	0.799099807	4	AMP	3	1
DTRCC6_LKidneyResection	chr1	199748244	208440728	1399	0.714286	0.716312	0.453659	7	ASCNA	4	1	3	1	1	2.97349255	0.724963274	0.816667642	4	AMP	3	1
DTRCC6_LKidneyResection	chr1	112737591	121699999	1719	0.8125	0.805479	0.102097	2	NLOH	2	0	2	1	1	2.032088666	0.175768166	1	2	NEUT	2	0
DTRCC6_LKidneyResection	chr1	125100001	159711512	1719	0.8125	0.805479	0.102097	2	NLOH	2	0	2	1	1	2.032088666	0.175768166	1	2	NEUT	2	0
DTRCC6_LKidneyResection	chr1	181887603	199748243	1781	0.705882	0.693684	0.367106	5	GAIN	3	1	2	1	1	2.720017556	0.596420777	0.791915341	3	GAIN	2	1
DTRCC6_LKidneyResection	chr1	164144618	181887602	2328	0.700877	0.702406	0.405271	7	ASCNA	4	1	3	1	1	2.829913756	0.6535629	0.80107443	4	AMP	3	1
DTRCC6_LKidneyResection	chr1	81739659	112656371	3683	0.785714	0.781333	-0.055269	2	NLOH	2	0	2	1	1	1.679535251	-0.099133111	1	2	NEUT	2	0
DTRCC6_LKidneyResection	chr1	42136283	81477021	4185	0.789474	0.780543	-0.039319	2	NLOH	2	0	2	1	1	1.713542884	-0.070212888	1	2	NEUT	2	0
DTRCC6_LKidneyResection	chr10	14961607	15369204	6	0.654762	0.640777	-0.15131	11	UBCNA	5	2	3	1	1	1.482522629	-0.27914106	0.771773113	1	HETD	1	0
DTRCC6_LKidneyResection	chr10	15369205	16269786	38	0.65942	0.646341	-0.169453	1	DLOH	1	0	1	1	1	1.44675561	-0.314373948	0.785881051	1	HETD	1	0
DTRCC6_LKidneyResection	chr10	109954004	110452508	14	0.66092	0.670819	0.121262	10	ASCNA	5	1	4	1	1	2.077711402	0.207800088	0.784236217	2	NEUT	2	0
DTRCC6_LKidneyResection	chr10	133148485	133370917	15	0.636364	0.620438	0.035327	11	UBCNA	5	2	3	1	1	1.877792572	0.06184252	0.708917764	2	NEUT	1	1
DTRCC6_LKidneyResection	chr10	118516615	119271067	64	0.609903	0.591522	-0.064075	3	HET	2	1	1	NA	NA	1.660920093	-0.115212519	0.667537962	2	NEUT	1	1
DTRCC6_LKidneyResection	chr10	119271068	119537027	64	0.590414	0.553828	0.051484	11	UBCNA	5	2	3	1	1	1.914476833	0.089755016	0.592614998	2	NEUT	1	1
DTRCC6_LKidneyResection	chr10	118071511	118516614	80	0.627315	0.634328	-0.018098	11	UBCNA	5	2	3	1	1	1.759375861	-0.032131463	0.739654088	2	NEUT	1	1
DTRCC6_LKidneyResection	chr10	124925385	125188023	97	0.583333	0.543624	-0.01354	11	UBCNA	5	2	3	1	1	1.769308461	-0.024009597	0.577637394	2	NEUT	1	1
DTRCC6_LKidneyResection	chr10	103525475	104079253	102	0.626225	0.596257	0.002845	11	UBCNA	5	2	3	1	1	1.805274238	0.005022826	0.669812842	2	NEUT	1	1
DTRCC6_LKidneyResection	chr10	5406926	6718972	173	0.619048	0.579545	-0.10786	11	UBCNA	5	2	3	1	1	1.570030607	-0.196402503	0.649437858	2	NEUT	1	1
DTRCC6_LKidneyResection	chr10	131427148	133148484	238	0.60303	0.58427	-0.006081	3	HET	2	1	1	NA	NA	1.785630645	-0.010761495	0.649374259	2	NEUT	1	1
DTRCC6_LKidneyResection	chr10	119537028	124925384	766	0.614144	0.602899	-0.036573	3	HET	2	1	1	NA	NA	1.719435772	-0.06525996	0.685455872	2	NEUT	1	1
DTRCC6_LKidneyResection	chr10	6718973	14961606	901	0.615385	0.586735	-0.093855	3	HET	2	1	1	NA	NA	1.598802876	-0.170203114	0.661573918	2	NEUT	1	1
DTRCC6_LKidneyResection	chr10	104079254	109954003	943	0.625	0.597297	-0.064247	3	HET	2	1	1	NA	NA	1.66055763	-0.115527394	0.678127178	2	NEUT	1	1
DTRCC6_LKidneyResection	chr10	792438	5406925	983	0.611111	0.595238	-0.071223	3	HET	2	1	1	NA	NA	1.645893137	-0.128324518	0.675062585	2	NEUT	1	1
DTRCC6_LKidneyResection	chr10	110452509	118071510	1019	0.608696	0.581429	-0.030487	3	HET	2	1	1	NA	NA	1.732536311	-0.054309598	0.646266281	2	NEUT	1	1
DTRCC6_LKidneyResection	chr10	125188024	131266573	1368	0.611111	0.592122	-0.046289	3	HET	2	1	1	NA	NA	1.698635607	-0.082818789	0.666937429	2	NEUT	1	1
DTRCC6_LKidneyResection	chr10	16269787	37999999	1829	0.612903	0.58728	-0.094822	3	HET	2	1	1	NA	NA	1.596807254	-0.172005007	0.662683287	2	NEUT	1	1
DTRCC6_LKidneyResection	chr10	41600001	46428103	1829	0.612903	0.58728	-0.094822	3	HET	2	1	1	NA	NA	1.596807254	-0.172005007	0.662683287	2	NEUT	1	1
DTRCC6_LKidneyResection	chr10	46814641	103525474	6598	0.612903	0.595628	-0.032621	3	HET	2	1	1	NA	NA	1.727936434	-0.058145041	0.671973834	2	NEUT	1	1
DTRCC6_LKidneyResection	chr11	15813432	16049070	31	0.612903	0.545315	0.235935	11	UBCNA	5	2	3	1	1	2.363726806	0.393868115	0.571761776	2	NEUT	1	1
DTRCC6_LKidneyResection	chr11	200289	395715	32	0.57735	0.52415	0.237403	11	UBCNA	5	2	3	1	1	2.367537648	0.396192181	0.538221755	2	NEUT	1	1
DTRCC6_LKidneyResection	chr11	69351553	69663132	43	0.592593	0.54007	0.207359	3	HET	2	1	1	NA	NA	2.290312389	0.348349203	0.564205297	2	NEUT	1	1
DTRCC6_LKidneyResection	chr11	63665723	64206470	57	0.590909	0.520871	0.196544	11	UBCNA	5	2	3	1	1	2.262904763	0.330980682	0.533594454	2	NEUT	1	1
DTRCC6_LKidneyResection	chr11	3056419	3290796	66	0.571429	0.504814	0.215795	11	UBCNA	5	2	3	1	1	2.311834191	0.361842742	0.507686615	2	NEUT	1	1
DTRCC6_LKidneyResection	chr11	395716	1754895	78	0.56125	0.528662	0.185588	3	HET	2	1	1	NA	NA	2.235348514	0.313304594	0.54635043	2	NEUT	1	1
DTRCC6_LKidneyResection	chr11	115114483	115498027	84	0.571429	0.51087	0.235116	11	UBCNA	5	2	3	1	1	2.361602415	0.392570915	0.517219665	2	NEUT	1	1
DTRCC6_LKidneyResection	chr11	68235758	69351552	95	0.571429	0.524272	0.250448	11	UBCNA	5	2	3	1	1	2.40157258	0.416784223	0.538214411	2	NEUT	1	1
DTRCC6_LKidneyResection	chr11	1754896	2368677	102	0.569498	0.506203	0.255198	11	UBCNA	5	2	3	1	1	2.414042152	0.424255681	0.509747745	2	NEUT	1	1
DTRCC6_LKidneyResection	chr11	64206471	65172702	108	0.57634	0.515103	0.154748	3	HET	2	1	1	NA	NA	2.158894774	0.263097741	0.524753721	2	NEUT	1	1
DTRCC6_LKidneyResection	chr11	2368678	3056418	112	0.565217	0.511628	0.253909	3	HET	2	1	1	NA	NA	2.410654244	0.422229556	0.518282235	2	NEUT	1	1
DTRCC6_LKidneyResection	chr11	69663133	70356087	117	0.575758	0.526614	0.207531	11	UBCNA	5	2	3	1	1	2.290749937	0.348624793	0.542641305	2	NEUT	1	1
DTRCC6_LKidneyResection	chr11	134098060	134899532	140	0.575758	0.518207	0.221446	11	UBCNA	5	2	3	1	1	2.326321487	0.370855298	0.529003841	2	NEUT	1	1
DTRCC6_LKidneyResection	chr11	65272447	68235757	166	0.570028	0.539291	0.136262	3	HET	2	1	1	NA	NA	2.113844472	0.232674046	0.564932775	2	NEUT	1	1
DTRCC6_LKidneyResection	chr11	70356088	77105783	581	0.571429	0.526667	0.223216	3	HET	2	1	1	NA	NA	2.330870865	0.373673892	0.542449797	2	NEUT	1	1
DTRCC6_LKidneyResection	chr11	115498028	121047617	898	0.571429	0.516556	0.261029	3	HET	2	1	1	NA	NA	2.429405775	0.433408292	0.525957202	2	NEUT	1	1
DTRCC6_LKidneyResection	chr11	3290797	15813431	2159	0.575758	0.522586	0.245102	3	HET	2	1	1	NA	NA	2.387587423	0.408358373	0.535635927	2	NEUT	1	1
DTRCC6_LKidneyResection	chr11	121189688	134098059	2331	0.576923	0.521401	0.217213	3	HET	2	1	1	NA	NA	2.315464143	0.364106229	0.534151407	2	NEUT	1	1
DTRCC6_LKidneyResection	chr11	77998080	115114482	4522	0.583333	0.523669	0.207239	3	HET	2	1	1	NA	NA	2.290007153	0.348156918	0.53792741	2	NEUT	1	1
DTRCC6_LKidneyResection	chr11	16049071	50999999	4805	0.578947	0.520879	0.204763	3	HET	2	1	1	NA	NA	2.283714793	0.344187301	0.533491346	2	NEUT	1	1
DTRCC6_LKidneyResection	chr11	55800001	63665722	4805	0.578947	0.520879	0.204763	3	HET	2	1	1	NA	NA	2.283714793	0.344187301	0.533491346	2	NEUT	1	1
DTRCC6_LKidneyResection	chr12	109704930	110373195	17	0.55	0.57868	-0.172847	11	UBCNA	5	2	3	1	1	1.440114494	-0.321011671	0.654049453	1	HETD	1	0
DTRCC6_LKidneyResection	chr12	57132986	57385484	22	0.629167	0.503827	-0.005125	11	UBCNA	5	2	3	1	1	1.787728723	-0.009067354	0.506780146	2	NEUT	1	1
DTRCC6_LKidneyResection	chr12	108316	328056	36	0.579796	0.550201	0.116872	11	UBCNA	5	2	3	1	1	2.067207326	0.200487901	0.583701892	2	NEUT	1	1
DTRCC6_LKidneyResection	chr12	44681086	44941087	39	0.625	0.616967	-0.027233	11	UBCNA	5	2	3	1	1	1.739563479	-0.048469861	0.709724942	2	NEUT	1	1
DTRCC6_LKidneyResection	chr12	123345768	124556762	49	0.647059	0.627767	0.017962	11	UBCNA	5	2	3	1	1	1.838820937	0.031585811	0.723620349	2	NEUT	1	1
DTRCC6_LKidneyResection	chr12	127548285	127993764	49	0.641026	0.59176	-0.062898	11	UBCNA	5	2	3	1	1	1.663401601	-0.113058661	0.667859942	2	NEUT	1	1
DTRCC6_LKidneyResection	chr12	130551462	130814751	50	0.595455	0.635174	-0.088917	11	UBCNA	5	2	3	1	1	1.609014429	-0.161017923	0.751068083	2	NEUT	2	0
DTRCC6_LKidneyResection	chr12	118666513	118929204	59	0.62069	0.588308	-0.093582	11	UBCNA	5	2	3	1	1	1.599366515	-0.169694598	0.664477321	2	NEUT	1	1
DTRCC6_LKidneyResection	chr12	128466632	129052361	74	0.625	0.612323	-0.000895	11	UBCNA	5	2	3	1	1	1.797028763	-0.001581686	0.698549687	2	NEUT	1	1
DTRCC6_LKidneyResection	chr12	130814752	131211473	93	0.65	0.673378	-0.094383	3	HET	2	1	1	NA	NA	1.597713063	-0.171186852	0.823078496	2	NEUT	1	1
DTRCC6_LKidneyResection	chr12	127993765	128466631	96	0.589572	0.548103	0.018061	3	HET	2	1	1	NA	NA	1.839041792	0.031759079	0.584186495	2	NEUT	1	1
DTRCC6_LKidneyResection	chr12	328057	2396937	158	0.615385	0.613423	-0.003093	3	HET	2	1	1	NA	NA	1.792192857	-0.005469293	0.700729067	2	NEUT	1	1
DTRCC6_LKidneyResection	chr12	118929205	123345767	174	0.6	0.583333	-0.138412	3	HET	2	1	1	NA	NA	1.508224619	-0.254343883	0.659554769	2	NEUT	1	1
DTRCC6_LKidneyResection	chr12	131211474	133179040	175	0.611111	0.599125	-0.012876	11	UBCNA	5	2	3	1	1	1.770758042	-0.022828092	0.67634895	2	NEUT	1	1
DTRCC6_LKidneyResection	chr12	129052362	130551461	312	0.608696	0.601215	-0.07539	3	HET	2	1	1	NA	NA	1.637167309	-0.135993422	0.686501413	2	NEUT	1	1
DTRCC6_LKidneyResection	chr12	124556763	127548284	457	0.619048	0.613108	-0.041121	3	HET	2	1	1	NA	NA	1.709681902	-0.07346726	0.704373375	2	NEUT	1	1
DTRCC6_LKidneyResection	chr12	110373196	118666512	760	0.608696	0.599641	-0.04485	3	HET	2	1	1	NA	NA	1.701707411	-0.080212183	0.680416792	2	NEUT	1	1
DTRCC6_LKidneyResection	chr12	44941088	57132985	982	0.6	0.583399	0.007283	3	HET	2	1	1	NA	NA	1.815086346	0.012842994	0.646784743	2	NEUT	1	1
DTRCC6_LKidneyResection	chr12	2476352	18202448	1880	0.612903	0.59665	-0.031005	3	HET	2	1	1	NA	NA	1.731419127	-0.055240185	0.673656553	2	NEUT	1	1
DTRCC6_LKidneyResection	chr12	18351163	33199999	2292	0.615385	0.593066	-0.061795	3	HET	2	1	1	NA	NA	1.66572893	-0.111041542	0.670141217	2	NEUT	1	1
DTRCC6_LKidneyResection	chr12	37800001	44681085	2292	0.615385	0.593066	-0.061795	3	HET	2	1	1	NA	NA	1.66572893	-0.111041542	0.670141217	2	NEUT	1	1
DTRCC6_LKidneyResection	chr12	57385485	109704929	5423	0.615385	0.590535	-0.055654	3	HET	2	1	1	NA	NA	1.678719015	-0.099834415	0.664933903	2	NEUT	1	1
DTRCC6_LKidneyResection	chr13	20424827	20571116	12	0.75	0.79235	-0.270147	10	ASCNA	5	1	4	1	1	1.256220168	-0.51810585	1	1	HETD	1	0
DTRCC6_LKidneyResection	chr13	98911167	99510803	20	0.710084	0.735294	-0.212552	10	ASCNA	5	1	4	1	1	1.363572284	-0.399804006	0.973339909	1	HETD	1	0
DTRCC6_LKidneyResection	chr13	21953638	22107391	26	0.781746	0.750708	-0.46036	10	ASCNA	5	1	4	1	1	0.930643799	-0.950894195	1	1	HETD	1	0
DTRCC6_LKidneyResection	chr13	113843636	114230020	30	0.72318	0.71171	-0.398247	1	DLOH	1	0	1	1	1	1.032276447	-0.801365805	0.994636345	1	HETD	1	0
DTRCC6_LKidneyResection	chr13	19081193	20424826	59	0.75	0.753623	-0.467477	1	DLOH	1	0	1	1	1	0.919275528	-0.968625947	1	1	HETD	1	0
DTRCC6_LKidneyResection	chr13	20571117	21953637	79	0.6875	0.711864	-0.309787	1	DLOH	1	0	1	1	1	1.184785511	-0.602569284	0.958550548	1	HETD	1	0
DTRCC6_LKidneyResection	chr13	30669148	31058039	86	0.764706	0.732997	-0.423174	10	ASCNA	5	1	4	1	1	0.990963169	-0.860291844	1	1	HETD	1	0
DTRCC6_LKidneyResection	chr13	22107392	30669147	966	0.75	0.739067	-0.372452	1	DLOH	1	0	1	1	1	1.075786537	-0.741803347	1	1	HETD	1	0
DTRCC6_LKidneyResection	chr13	99510804	113717204	2201	0.736842	0.727763	-0.36702	1	DLOH	1	0	1	1	1	1.085048624	-0.729435492	1	1	HETD	1	0
DTRCC6_LKidneyResection	chr13	31058040	98911166	7856	0.75	0.73444	-0.365639	1	DLOH	1	0	1	1	1	1.087408928	-0.726300609	1	1	HETD	1	0
DTRCC6_LKidneyResection	chr14	102846943	102969905	5	0.631579	0.615385	-0.267633	11	UBCNA	5	2	3	1	1	1.260817139	-0.512836135	0.741633226	1	HETD	1	0
DTRCC6_LKidneyResection	chr14	84367020	84446686	9	0.636364	0.64	-0.435147	11	UBCNA	5	2	3	1	1	0.971371814	-0.889099657	0.838824809	1	HETD	1	0
DTRCC6_LKidneyResection	chr14	100942776	101129472	21	0.727273	0.716113	-0.308547	10	ASCNA	5	1	4	1	1	1.186990485	-0.599886816	0.967279486	1	HETD	1	0
DTRCC6_LKidneyResection	chr14	105361688	106872645	38	0.735088	0.777778	-0.255901	1	DLOH	1	0	1	1	1	1.282375908	-0.488375959	1	1	HETD	1	0
DTRCC6_LKidneyResection	chr14	66802400	68639734	50	0.777778	0.743728	-0.278094	1	DLOH	1	0	1	1	1	1.241741264	-0.53483059	1	1	HETD	1	0
DTRCC6_LKidneyResection	chr14	65043597	66802399	62	0.727273	0.726225	-0.244565	10	ASCNA	5	1	4	1	1	1.303374189	-0.464943856	0.96566655	1	HETD	1	0
DTRCC6_LKidneyResection	chr14	102969906	103999728	75	0.736842	0.752089	-0.373737	1	DLOH	1	0	1	1	1	1.073600584	-0.744737825	1	1	HETD	1	0
DTRCC6_LKidneyResection	chr14	101129473	102846942	76	0.727273	0.731928	-0.414127	1	DLOH	1	0	1	1	1	1.005874945	-0.838744233	1	1	HETD	1	0
DTRCC6_LKidneyResection	chr14	103999729	105361687	79	0.730769	0.723861	-0.346827	10	ASCNA	5	1	4	1	1	1.119787049	-0.683970786	0.99964625	1	HETD	1	0
DTRCC6_LKidneyResection	chr14	76983404	77598914	90	0.75	0.749035	-0.284411	10	ASCNA	5	1	4	1	1	1.230288872	-0.548198086	1	1	HETD	1	0
DTRCC6_LKidneyResection	chr14	68639735	69140370	118	0.714286	0.738754	-0.299053	10	ASCNA	5	1	4	1	1	1.203935717	-0.579436823	1	1	HETD	1	0
DTRCC6_LKidneyResection	chr14	69140371	76983403	782	0.736842	0.724522	-0.350603	1	DLOH	1	0	1	1	1	1.113254107	-0.692412253	1	1	HETD	1	0
DTRCC6_LKidneyResection	chr14	77598915	84367019	1017	0.73913	0.72381	-0.319923	1	DLOH	1	0	1	1	1	1.166832507	-0.624597702	0.988415583	1	HETD	1	0
DTRCC6_LKidneyResection	chr14	84446687	100942775	2485	0.736842	0.724324	-0.325531	1	DLOH	1	0	1	1	1	1.156953616	-0.636864161	0.991801853	1	HETD	1	0
DTRCC6_LKidneyResection	chr14	20075259	65043596	4082	0.736842	0.732392	-0.352814	1	DLOH	1	0	1	1	1	1.109436735	-0.697367785	1	1	HETD	1	0
DTRCC6_LKidneyResection	chr15	69876661	71262656	176	0.733333	0.738989	-0.225355	10	ASCNA	5	1	4	1	1	1.339336781	-0.425676409	0.985148245	1	HETD	1	0
DTRCC6_LKidneyResection	chr15	71262657	101605948	3309	0.733333	0.72935	-0.341445	1	DLOH	1	0	1	1	1	1.129128173	-0.671985924	1	1	HETD	1	0
DTRCC6_LKidneyResection	chr15	22867866	69876660	4831	0.75	0.734234	-0.32527	1	DLOH	1	0	1	1	1	1.157412534	-0.636292013	1	1	HETD	1	0
DTRCC6_LKidneyResection	chr16	28034118	28224765	20	0.562609	0.557143	-0.178255	11	UBCNA	5	2	3	1	1	1.429564767	-0.331619204	0.6122856	1	HETD	1	0
DTRCC6_LKidneyResection	chr16	80792811	81323641	29	0.642857	0.669506	-0.127837	1	DLOH	1	0	1	1	1	1.529469646	-0.234163711	0.822393595	1	HETD	1	0
DTRCC6_LKidneyResection	chr16	48756979	48959705	33	0.571429	0.610776	-0.026374	11	UBCNA	5	2	3	1	1	1.741421176	-0.046930015	0.6985306	2	NEUT	1	1
DTRCC6_LKidneyResection	chr16	10798383	11042778	39	0.6	0.552632	-0.131708	11	UBCNA	5	2	3	1	1	1.521674787	-0.241535129	0.600347125	2	NEUT	1	1
DTRCC6_LKidneyResection	chr16	89185664	90060672	85	0.611111	0.581967	-0.166576	3	HET	2	1	1	NA	NA	1.452397349	-0.308758985	0.659821125	2	NEUT	1	1
DTRCC6_LKidneyResection	chr16	57429130	57712754	87	0.615385	0.656525	0.049598	11	UBCNA	5	2	3	1	1	1.910173485	0.086508485	0.769566766	2	NEUT	2	0
DTRCC6_LKidneyResection	chr16	85606313	86157560	104	0.596296	0.608086	-0.003872	3	HET	2	1	1	NA	NA	1.790480716	-0.006848206	0.691363529	2	NEUT	1	1
DTRCC6_LKidneyResection	chr16	81323642	81688347	112	0.6	0.567386	0.047432	11	UBCNA	5	2	3	1	1	1.905238187	0.082776183	0.616177979	2	NEUT	1	1
DTRCC6_LKidneyResection	chr16	84813858	85606312	129	0.625	0.623116	-0.067179	11	UBCNA	5	2	3	1	1	1.654385531	-0.120899714	0.725777075	2	NEUT	1	1
DTRCC6_LKidneyResection	chr16	28224766	35299999	166	0.611111	0.605839	-0.101377	3	HET	2	1	1	NA	NA	1.583314749	-0.184247108	0.698055048	2	NEUT	1	1
DTRCC6_LKidneyResection	chr16	38400001	48756978	166	0.611111	0.605839	-0.101377	3	HET	2	1	1	NA	NA	1.583314749	-0.184247108	0.698055048	2	NEUT	1	1
DTRCC6_LKidneyResection	chr16	86157561	89185663	457	0.608696	0.586522	-0.035846	11	UBCNA	5	2	3	1	1	1.720997785	-0.063949946	0.655876441	2	NEUT	1	1
DTRCC6_LKidneyResection	chr16	81688348	84813857	667	0.611111	0.588005	-0.043526	3	HET	2	1	1	NA	NA	1.704536434	-0.07781575	0.659229448	2	NEUT	1	1
DTRCC6_LKidneyResection	chr16	47354	10798382	1161	0.615385	0.597222	-0.132352	3	HET	2	1	1	NA	NA	1.520380021	-0.242763215	0.685436592	2	NEUT	1	1
DTRCC6_LKidneyResection	chr16	11042779	28034117	1266	0.609226	0.590522	-0.09397	3	HET	2	1	1	NA	NA	1.598565477	-0.170417348	0.668640113	2	NEUT	1	1
DTRCC6_LKidneyResection	chr16	48959706	57429129	1348	0.615385	0.593354	-0.017655	3	HET	2	1	1	NA	NA	1.760339852	-0.031341204	0.666512442	2	NEUT	1	1
DTRCC6_LKidneyResection	chr16	57712755	80792810	2537	0.615385	0.600726	-0.096525	3	HET	2	1	1	NA	NA	1.593295982	-0.17518089	0.687937381	2	NEUT	1	1
DTRCC6_LKidneyResection	chr17	56743494	56960097	18	0.582609	0.556995	0.28416	11	UBCNA	5	2	3	1	1	2.490967192	0.469510834	0.588559345	2	NEUT	1	1
DTRCC6_LKidneyResection	chr17	74432559	75052460	52	0.582577	0.572727	0.39933	8	BCNA	4	2	2	1	1	2.812615003	0.6447169	0.608397847	4	AMP	2	2
DTRCC6_LKidneyResection	chr17	49994600	50317494	59	0.5625	0.508883	0.253011	8	BCNA	4	2	2	1	1	2.408295798	0.420817415	0.51397136	4	AMP	2	2
DTRCC6_LKidneyResection	chr17	66474956	66825231	65	0.625	0.555215	0.343869	11	UBCNA	5	2	3	1	1	2.654516609	0.561253982	0.583909566	3	GAIN	2	1
DTRCC6_LKidneyResection	chr17	81350010	83067517	79	0.59375	0.593496	0.371329	5	GAIN	3	1	2	1	1	2.732035141	0.602780854	0.640706085	3	GAIN	2	1
DTRCC6_LKidneyResection	chr17	75052461	76389112	98	0.577557	0.554648	0.362395	3	HET	2	1	1	NA	NA	2.706652692	0.589314591	0.582500859	2	NEUT	1	1
DTRCC6_LKidneyResection	chr17	73086815	73670801	118	0.580014	0.565155	0.325735	8	BCNA	4	2	2	1	1	2.604128004	0.533605178	0.599670443	4	AMP	2	2
DTRCC6_LKidneyResection	chr17	80402583	81350009	134	0.591168	0.560686	0.393475	11	UBCNA	5	2	3	1	1	2.795636216	0.635981455	0.590631798	3	GAIN	2	1
DTRCC6_LKidneyResection	chr17	41704847	44950731	144	0.565217	0.525449	0.173991	3	HET	2	1	1	NA	NA	2.206407131	0.294503838	0.541360573	2	NEUT	1	1
DTRCC6_LKidneyResection	chr17	73670802	74432558	169	0.588235	0.568899	0.398914	5	GAIN	3	1	2	1	1	2.811406379	0.644096819	0.602706832	3	GAIN	2	1
DTRCC6_LKidneyResection	chr17	46497546	49994599	215	0.566667	0.521226	0.164929	3	HET	2	1	1	NA	NA	2.18395344	0.279746913	0.534633655	2	NEUT	1	1
DTRCC6_LKidneyResection	chr17	76389113	78447972	225	0.583333	0.571429	0.347526	5	GAIN	3	1	2	1	1	2.664755215	0.566807826	0.608407159	3	GAIN	2	1
DTRCC6_LKidneyResection	chr17	78715028	80402582	258	0.597297	0.586093	0.389801	5	GAIN	3	1	2	1	1	2.785017195	0.630491048	0.628737988	3	GAIN	2	1
DTRCC6_LKidneyResection	chr17	44950732	46497545	285	0.580645	0.520799	0.252896	8	BCNA	4	2	2	1	1	2.407993876	0.420636537	0.532714578	4	AMP	2	2
DTRCC6_LKidneyResection	chr17	153794	6531383	311	0.571429	0.525735	0.137927	3	HET	2	1	1	NA	NA	2.117878456	0.23542461	0.542497978	2	NEUT	1	1
DTRCC6_LKidneyResection	chr17	56960098	66474955	338	0.571429	0.527001	0.277753	3	HET	2	1	1	NA	NA	2.473816493	0.459543299	0.542058068	2	NEUT	1	1
DTRCC6_LKidneyResection	chr17	66825232	73086814	552	0.588235	0.549708	0.387354	5	GAIN	3	1	2	1	1	2.777959581	0.626830422	0.574392731	3	GAIN	2	1
DTRCC6_LKidneyResection	chr17	50317495	56743493	982	0.578947	0.521685	0.19248	3	HET	2	1	1	NA	NA	2.252658671	0.324433543	0.534964816	2	NEUT	1	1
DTRCC6_LKidneyResection	chr17	27400001	41602316	1144	0.571429	0.519016	0.230944	3	HET	2	1	1	NA	NA	2.350799427	0.385956265	0.530175163	2	NEUT	1	1
DTRCC6_LKidneyResection	chr17	6721106	21124159	1156	0.578947	0.528708	0.167224	3	HET	2	1	1	NA	NA	2.189626628	0.283489698	0.546794765	2	NEUT	1	1
DTRCC6_LKidneyResection	chr18	32086823	32488457	7	0.571429	0.527174	0.076412	11	UBCNA	5	2	3	1	1	1.971887624	0.132382149	0.546184759	2	NEUT	1	1
DTRCC6_LKidneyResection	chr18	62792242	63294300	91	0.583333	0.513141	0.194161	8	BCNA	4	2	2	1	1	2.256893282	0.327143015	0.521173402	4	AMP	2	2
DTRCC6_LKidneyResection	chr18	78713567	80249901	215	0.576923	0.533512	0.159425	3	HET	2	1	1	NA	NA	2.170384396	0.270755394	0.554812594	2	NEUT	1	1
DTRCC6_LKidneyResection	chr18	21500001	32086822	935	0.583333	0.522659	0.147267	3	HET	2	1	1	NA	NA	2.140594047	0.250816035	0.537261744	2	NEUT	1	1
DTRCC6_LKidneyResection	chr18	150399	15399999	1468	0.733333	0.729571	-0.345665	1	DLOH	1	0	1	1	1	1.121800895	-0.681378548	1	1	HETD	1	0
DTRCC6_LKidneyResection	chr18	63294301	78507837	1910	0.580645	0.519068	0.140373	3	HET	2	1	1	NA	NA	2.123813108	0.239461631	0.531453595	2	NEUT	1	1
DTRCC6_LKidneyResection	chr18	32488458	62792241	3935	0.578947	0.520206	0.205124	3	HET	2	1	1	NA	NA	2.284631545	0.344766326	0.53240691	2	NEUT	1	1
DTRCC6_LKidneyResection	chr19	13528926	13687054	7	0.647059	0.680672	-0.629476	10	ASCNA	5	1	4	1	1	0.675110747	-1.413999097	1	1	HETD	1	0
DTRCC6_LKidneyResection	chr19	18543406	18696508	15	0.727273	0.574486	-0.433516	11	UBCNA	5	2	3	1	1	0.974031054	-0.885155512	0.679980516	1	HETD	1	0
DTRCC6_LKidneyResection	chr19	3736618	4572299	17	0.8125	0.73	-0.477232	10	ASCNA	5	1	4	1	1	0.903784306	-0.993144776	1	1	HETD	1	0
DTRCC6_LKidneyResection	chr19	35245026	35339195	13	0.583333	0.566964	0.127715	11	UBCNA	5	2	3	1	1	2.093209814	0.218521742	0.61109631	2	NEUT	1	1
DTRCC6_LKidneyResection	chr19	32025687	32251974	26	0.588558	0.547212	0.106852	11	UBCNA	5	2	3	1	1	2.043351589	0.183742276	0.579086056	2	NEUT	1	1
DTRCC6_LKidneyResection	chr19	51451803	51599447	30	0.589572	0.504298	0.233649	11	UBCNA	5	2	3	1	1	2.357800199	0.390246282	0.506812707	2	NEUT	1	1
DTRCC6_LKidneyResection	chr19	17960236	18543405	55	0.677419	0.703704	-0.464288	10	ASCNA	5	1	4	1	1	0.924362512	-0.960664529	1	1	HETD	1	0
DTRCC6_LKidneyResection	chr19	47649849	48932755	58	0.569805	0.542074	0.138641	11	UBCNA	5	2	3	1	1	2.119609772	0.236603497	0.569457309	2	NEUT	1	1
DTRCC6_LKidneyResection	chr19	18696509	24199999	86	0.730303	0.765027	-0.482452	1	DLOH	1	0	1	1	1	0.895537718	-1.006369085	1	1	HETD	1	0
DTRCC6_LKidneyResection	chr19	327683	3736617	145	0.736842	0.73	-0.436025	1	DLOH	1	0	1	1	1	0.969941536	-0.891225491	1	1	HETD	1	0
DTRCC6_LKidneyResection	chr19	13687055	17960235	174	0.75	0.727273	-0.455333	1	DLOH	1	0	1	1	1	0.938707493	-0.938447607	1	1	HETD	1	0
DTRCC6_LKidneyResection	chr19	42612378	47649848	194	0.571429	0.532374	0.114048	3	HET	2	1	1	NA	NA	2.060467136	0.195776267	0.55404898	2	NEUT	1	1
DTRCC6_LKidneyResection	chr19	4572300	13528925	197	0.73913	0.733333	-0.447938	1	DLOH	1	0	1	1	1	0.950620825	-0.920253275	1	1	HETD	1	0
DTRCC6_LKidneyResection	chr19	32251975	35245025	204	0.571429	0.523077	0.150458	3	HET	2	1	1	NA	NA	2.148388567	0.256059763	0.537895169	2	NEUT	1	1
DTRCC6_LKidneyResection	chr19	51599448	58394796	221	0.571429	0.53112	0.139619	3	HET	2	1	1	NA	NA	2.121982629	0.23821766	0.551351394	2	NEUT	1	1
DTRCC6_LKidneyResection	chr19	48932756	51451802	230	0.566667	0.533849	0.156817	3	HET	2	1	1	NA	NA	2.163972932	0.266487267	0.55542754	2	NEUT	1	1
DTRCC6_LKidneyResection	chr19	35339196	41840032	231	0.586207	0.53304	0.144731	3	HET	2	1	1	NA	NA	2.134411751	0.246643328	0.554394523	2	NEUT	1	1
DTRCC6_LKidneyResection	chr19	28100001	32025686	449	0.571429	0.518152	0.181639	3	HET	2	1	1	NA	NA	2.225467288	0.306913108	0.529404041	2	NEUT	1	1
DTRCC6_LKidneyResection	chr2	37422215	37567745	22	0.672619	0.688442	-0.211847	1	DLOH	1	0	1	1	1	1.364913075	-0.398386111	0.87890067	1	HETD	1	0
DTRCC6_LKidneyResection	chr2	51371437	51549933	38	0.667279	0.641509	-0.240558	1	DLOH	1	0	1	1	1	1.310836127	-0.456707847	0.790432658	1	HETD	1	0
DTRCC6_LKidneyResection	chr2	104770481	105009534	39	0.62069	0.631579	-0.165446	11	UBCNA	5	2	3	1	1	1.454616335	-0.306556504	0.756365084	1	HETD	1	0
DTRCC6_LKidneyResection	chr2	17882827	18049089	30	0.61257	0.627346	-0.105684	11	UBCNA	5	2	3	1	1	1.574482736	-0.192317248	0.738923195	2	NEUT	1	1
DTRCC6_LKidneyResection	chr2	121088743	121571646	52	0.582579	0.560935	-0.104275	11	UBCNA	5	2	3	1	1	1.577369156	-0.189674849	0.614226937	2	NEUT	1	1
DTRCC6_LKidneyResection	chr2	51549934	52157350	60	0.6	0.591716	-0.188282	11	UBCNA	5	2	3	1	1	1.410108792	-0.351388714	0.681442457	1	HETD	1	0
DTRCC6_LKidneyResection	chr2	71321668	71674363	67	0.615385	0.601626	-0.032018	11	UBCNA	5	2	3	1	1	1.729235522	-0.057060809	0.682699462	2	NEUT	1	1
DTRCC6_LKidneyResection	chr2	217595354	218052322	73	0.607143	0.602588	0.060666	11	UBCNA	5	2	3	1	1	1.935508258	0.105517276	0.675706887	2	NEUT	1	1
DTRCC6_LKidneyResection	chr2	2422883	2981074	112	0.6	0.552783	-0.02199	11	UBCNA	5	2	3	1	1	1.750919383	-0.039082527	0.594369843	2	NEUT	1	1
DTRCC6_LKidneyResection	chr2	230982427	233161963	124	0.633971	0.641457	-0.126194	11	UBCNA	5	2	3	1	1	1.53278441	-0.231040394	0.768769605	2	NEUT	2	0
DTRCC6_LKidneyResection	chr2	239644456	241987082	173	0.615385	0.595794	-0.006563	11	UBCNA	5	2	3	1	1	1.784573354	-0.011615983	0.669845172	2	NEUT	1	1
DTRCC6_LKidneyResection	chr2	355800	2422882	288	0.606061	0.57037	-0.05096	3	HET	2	1	1	NA	NA	1.688685608	-0.091294428	0.627856621	2	NEUT	1	1
DTRCC6_LKidneyResection	chr2	8249848	10716312	358	0.619869	0.598582	-0.010066	11	UBCNA	5	2	3	1	1	1.776899956	-0.017832731	0.675117458	2	NEUT	1	1
DTRCC6_LKidneyResection	chr2	2981075	8249847	871	0.607143	0.588439	-0.071807	3	HET	2	1	1	NA	NA	1.644668703	-0.129398185	0.662620128	2	NEUT	1	1
DTRCC6_LKidneyResection	chr2	10716313	17882826	891	0.615385	0.585915	-0.042973	3	HET	2	1	1	NA	NA	1.705718811	-0.076815349	0.655399765	2	NEUT	1	1
DTRCC6_LKidneyResection	chr2	233161964	239644455	931	0.6	0.587258	-0.008708	3	HET	2	1	1	NA	NA	1.779872473	-0.01542131	0.654888781	2	NEUT	1	1
DTRCC6_LKidneyResection	chr2	218052323	230982426	1253	0.6	0.589606	-0.073398	3	HET	2	1	1	NA	NA	1.641335475	-0.132325043	0.664918622	2	NEUT	1	1
DTRCC6_LKidneyResection	chr2	105009535	121088742	1664	0.615385	0.59204	-0.025289	3	HET	2	1	1	NA	NA	1.743769208	-0.044986078	0.664854126	2	NEUT	1	1
DTRCC6_LKidneyResection	chr2	52157351	71321667	2037	0.611111	0.586466	-0.045538	3	HET	2	1	1	NA	NA	1.700238369	-0.081458164	0.656621802	2	NEUT	1	1
DTRCC6_LKidneyResection	chr2	37567746	51371436	2212	0.619048	0.601286	-0.042269	3	HET	2	1	1	NA	NA	1.7072247	-0.075542232	0.683129986	2	NEUT	1	1
DTRCC6_LKidneyResection	chr2	18049090	37422214	2460	0.612903	0.590012	-0.039305	3	HET	2	1	1	NA	NA	1.7135729	-0.070187617	0.662476594	2	NEUT	1	1
DTRCC6_LKidneyResection	chr2	71674364	91799999	2650	0.611111	0.587361	-0.041896	3	HET	2	1	1	NA	NA	1.708022862	-0.074867901	0.657919924	2	NEUT	1	1
DTRCC6_LKidneyResection	chr2	96000001	104770480	2650	0.611111	0.587361	-0.041896	3	HET	2	1	1	NA	NA	1.708022862	-0.074867901	0.657919924	2	NEUT	1	1
DTRCC6_LKidneyResection	chr2	121571647	217595353	9409	0.615385	0.595588	-0.055521	3	HET	2	1	1	NA	NA	1.679000963	-0.099592129	0.674126113	2	NEUT	1	1
DTRCC6_LKidneyResection	chr20	25029225	25098628	3	0.578947	0.50237	0.268883	11	UBCNA	5	2	3	1	1	2.450198029	0.445703168	0.503704367	2	NEUT	1	1
DTRCC6_LKidneyResection	chr20	32529003	32749212	5	0.52	0.546875	0.247004	11	UBCNA	5	2	3	1	1	2.392557125	0.411358184	0.57390257	2	NEUT	1	1
DTRCC6_LKidneyResection	chr20	61847243	62518235	64	0.563859	0.513818	0.264285	8	BCNA	4	2	2	1	1	2.438011799	0.438509922	0.521636752	4	AMP	2	2
DTRCC6_LKidneyResection	chr20	37412963	37742277	79	0.571429	0.50323	0.23705	8	BCNA	4	2	2	1	1	2.366620927	0.395633455	0.50511279	4	AMP	2	2
DTRCC6_LKidneyResection	chr20	37742278	38472051	94	0.563301	0.530067	0.204801	3	HET	2	1	1	NA	NA	2.283811282	0.344248255	0.548228759	2	NEUT	1	1
DTRCC6_LKidneyResection	chr20	63527581	64279990	102	0.567117	0.514374	0.146304	3	HET	2	1	1	NA	NA	2.138245152	0.249232083	0.523647596	2	NEUT	1	1
DTRCC6_LKidneyResection	chr20	32749213	37412962	114	0.578363	0.518692	0.256581	3	HET	2	1	1	NA	NA	2.417680489	0.42642841	0.52935759	2	NEUT	1	1
DTRCC6_LKidneyResection	chr20	62518236	63460136	164	0.578363	0.521181	0.210819	3	HET	2	1	1	NA	NA	2.299124271	0.353889261	0.53389002	2	NEUT	1	1
DTRCC6_LKidneyResection	chr20	25098629	25699999	171	0.575	0.517028	0.160666	3	HET	2	1	1	NA	NA	2.173439322	0.272784633	0.527835971	2	NEUT	1	1
DTRCC6_LKidneyResection	chr20	30400001	32529002	171	0.575	0.517028	0.160666	3	HET	2	1	1	NA	NA	2.173439322	0.272784633	0.527835971	2	NEUT	1	1
DTRCC6_LKidneyResection	chr20	38679068	61847242	3310	0.575758	0.522267	0.219315	3	HET	2	1	1	NA	NA	2.320851642	0.367459116	0.535502561	2	NEUT	1	1
DTRCC6_LKidneyResection	chr20	94613	25029224	4037	0.576923	0.522233	0.221077	3	HET	2	1	1	NA	NA	2.325373761	0.370267435	0.535422652	2	NEUT	1	1
DTRCC6_LKidneyResection	chr21	46022714	46431467	36	0.6	0.578947	0.045647	11	UBCNA	5	2	3	1	1	1.901176574	0.079697344	0.636232039	2	NEUT	1	1
DTRCC6_LKidneyResection	chr21	46431468	46677698	41	0.608696	0.560472	-0.06881	3	HET	2	1	1	NA	NA	1.650957569	-0.123892145	0.611001669	2	NEUT	1	1
DTRCC6_LKidneyResection	chr21	45713061	46022713	63	0.6	0.552239	-0.061537	3	HET	2	1	1	NA	NA	1.666273566	-0.110569907	0.595488051	2	NEUT	1	1
DTRCC6_LKidneyResection	chr21	40581556	41417418	75	0.636364	0.616228	-0.074961	3	HET	2	1	1	NA	NA	1.638064485	-0.135203034	0.71411112	2	NEUT	1	1
DTRCC6_LKidneyResection	chr21	39701799	40581555	124	0.627315	0.613684	-0.05744	11	UBCNA	5	2	3	1	1	1.674935377	-0.103089752	0.707317083	2	NEUT	1	1
DTRCC6_LKidneyResection	chr21	36564103	39701798	461	0.6	0.588235	-0.049004	3	HET	2	1	1	NA	NA	1.69284829	-0.0877425	0.660138642	2	NEUT	1	1
DTRCC6_LKidneyResection	chr21	41417419	45713060	663	0.612903	0.588477	-0.031647	11	UBCNA	5	2	3	1	1	1.730035065	-0.056393907	0.659028056	2	NEUT	1	1
DTRCC6_LKidneyResection	chr21	14040570	36336914	2407	0.615385	0.593103	-0.07907	3	HET	2	1	1	NA	NA	1.629482204	-0.14278159	0.671924027	2	NEUT	1	1
DTRCC6_LKidneyResection	chr22	32265404	32384544	13	0.666667	0.730061	-0.181036	10	ASCNA	5	1	4	1	1	1.424155072	-0.337088941	0.952911574	1	HETD	1	0
DTRCC6_LKidneyResection	chr22	46590434	46724886	13	0.75	0.760618	-0.152533	10	ASCNA	5	1	4	1	1	1.480097449	-0.281503021	1	1	HETD	1	0
DTRCC6_LKidneyResection	chr22	44519276	44689321	22	0.759615	0.754003	-0.251045	10	ASCNA	5	1	4	1	1	1.29135074	-0.478314286	1	1	HETD	1	0
DTRCC6_LKidneyResection	chr22	24800973	25285927	32	0.693957	0.696477	-0.311761	10	ASCNA	5	1	4	1	1	1.181279241	-0.606845145	0.925926535	1	HETD	1	0
DTRCC6_LKidneyResection	chr22	20134592	20271594	44	0.760952	0.770492	-0.301863	10	ASCNA	5	1	4	1	1	1.198908705	-0.585473382	1	1	HETD	1	0
DTRCC6_LKidneyResection	chr22	42089364	42597708	52	0.725705	0.736691	-0.276325	10	ASCNA	5	1	4	1	1	1.244957367	-0.531098848	0.998965037	1	HETD	1	0
DTRCC6_LKidneyResection	chr22	47620448	47913069	54	0.75	0.720874	-0.3924	10	ASCNA	5	1	4	1	1	1.042070887	-0.787741767	1	1	HETD	1	0
DTRCC6_LKidneyResection	chr22	42597709	43035813	60	0.763305	0.764463	-0.499497	1	DLOH	1	0	1	1	1	0.868816767	-1.050071335	1	1	HETD	1	0
DTRCC6_LKidneyResection	chr22	43035814	43354368	91	0.75	0.737333	-0.373915	10	ASCNA	5	1	4	1	1	1.073297936	-0.745144578	1	1	HETD	1	0
DTRCC6_LKidneyResection	chr22	49706627	50733265	118	0.766194	0.762677	-0.371303	1	DLOH	1	0	1	1	1	1.077742787	-0.73918228	1	1	HETD	1	0
DTRCC6_LKidneyResection	chr22	46724887	47620447	135	0.75	0.760291	-0.403696	1	DLOH	1	0	1	1	1	1.023184372	-0.814129053	1	1	HETD	1	0
DTRCC6_LKidneyResection	chr22	26916700	27363432	148	0.737037	0.741105	-0.230513	10	ASCNA	5	1	4	1	1	1.329633536	-0.436166511	0.991256028	1	HETD	1	0
DTRCC6_LKidneyResection	chr22	44689322	46590433	188	0.714286	0.722222	-0.369516	1	DLOH	1	0	1	1	1	1.080788371	-0.73511113	1	1	HETD	1	0
DTRCC6_LKidneyResection	chr22	36893571	37441080	191	0.75	0.729299	-0.262416	10	ASCNA	5	1	4	1	1	1.270382276	-0.501932497	0.978296949	1	HETD	1	0
DTRCC6_LKidneyResection	chr22	47913070	48595850	192	0.722222	0.706922	-0.385277	1	DLOH	1	0	1	1	1	1.054056541	-0.771242929	0.977735802	1	HETD	1	0
DTRCC6_LKidneyResection	chr22	17717620	20134591	227	0.73913	0.732348	-0.382124	1	DLOH	1	0	1	1	1	1.059380922	-0.763973753	1	1	HETD	1	0
DTRCC6_LKidneyResection	chr22	37441081	42089363	227	0.75	0.740741	-0.379924	1	DLOH	1	0	1	1	1	1.063102898	-0.758913945	1	1	HETD	1	0
DTRCC6_LKidneyResection	chr22	20271595	24800972	235	0.75	0.734597	-0.369315	1	DLOH	1	0	1	1	1	1.081131171	-0.734653614	1	1	HETD	1	0
DTRCC6_LKidneyResection	chr22	43354369	44519275	248	0.75	0.754414	-0.350179	1	DLOH	1	0	1	1	1	1.113986827	-0.691463014	1	1	HETD	1	0
DTRCC6_LKidneyResection	chr22	48595851	49706626	301	0.75	0.73617	-0.377523	10	ASCNA	5	1	4	1	1	1.067171409	-0.753403267	1	1	HETD	1	0
DTRCC6_LKidneyResection	chr22	27363433	32265403	306	0.727273	0.734015	-0.32286	1	DLOH	1	0	1	1	1	1.161653983	-0.631014783	1	1	HETD	1	0
DTRCC6_LKidneyResection	chr22	25285928	26916699	329	0.736842	0.742664	-0.34481	1	DLOH	1	0	1	1	1	1.123283719	-0.679472817	1	1	HETD	1	0
DTRCC6_LKidneyResection	chr22	32384545	36893570	608	0.75	0.739362	-0.349456	1	DLOH	1	0	1	1	1	1.115236749	-0.68984518	1	1	HETD	1	0
DTRCC6_LKidneyResection	chr3	126464975	126846868	55	0.558824	0.514399	0.21071	11	UBCNA	5	2	3	1	1	2.298846349	0.353714855	0.52303973	2	NEUT	1	1
DTRCC6_LKidneyResection	chr3	140942775	141329873	64	0.571429	0.50049	0.160909	11	UBCNA	5	2	3	1	1	2.174037815	0.273181848	0.500800926	2	NEUT	1	1
DTRCC6_LKidneyResection	chr3	195211553	198073373	70	0.571429	0.555556	0.062231	3	HET	2	1	1	NA	NA	1.93910627	0.108196684	0.595079682	2	NEUT	1	1
DTRCC6_LKidneyResection	chr3	194891639	195211552	71	0.588235	0.509934	0.081544	11	UBCNA	5	2	3	1	1	1.983830586	0.141093642	0.516841925	2	NEUT	1	1
DTRCC6_LKidneyResection	chr3	126846869	127983984	203	0.575758	0.509116	0.221953	3	HET	2	1	1	NA	NA	2.327624044	0.371662867	0.514518808	2	NEUT	1	1
DTRCC6_LKidneyResection	chr3	127983985	128589988	203	0.571429	0.524452	0.169364	11	UBCNA	5	2	3	1	1	2.194924797	0.286976324	0.539820192	2	NEUT	1	1
DTRCC6_LKidneyResection	chr3	128589989	140942774	1577	0.578947	0.525819	0.196388	3	HET	2	1	1	NA	NA	2.262510925	0.330729572	0.541561611	2	NEUT	1	1
DTRCC6_LKidneyResection	chr3	72460625	87799999	4659	0.583333	0.525641	0.149476	3	HET	2	1	1	NA	NA	2.145988041	0.25444685	0.542123979	2	NEUT	1	1
DTRCC6_LKidneyResection	chr3	94000001	126464974	4659	0.583333	0.525641	0.149476	3	HET	2	1	1	NA	NA	2.145988041	0.25444685	0.542123979	2	NEUT	1	1
DTRCC6_LKidneyResection	chr3	141329874	194891638	5199	0.583333	0.525597	0.149306	3	HET	2	1	1	NA	NA	2.145572637	0.254167557	0.54205488	2	NEUT	1	1
DTRCC6_LKidneyResection	chr3	64110	72236040	9390	0.578947	0.521839	0.175216	3	HET	2	1	1	NA	NA	2.209453254	0.296494221	0.535474654	2	NEUT	1	1
DTRCC6_LKidneyResection	chr4	37565772	37751224	12	0.77521	0.763636	-0.415796	10	ASCNA	5	1	4	1	1	1.003116966	-0.842705349	1	1	HETD	1	0
DTRCC6_LKidneyResection	chr4	61992398	62313384	27	0.666667	0.689826	-0.139944	1	DLOH	1	0	1	1	1	1.505159746	-0.257278575	0.863806725	1	HETD	1	0
DTRCC6_LKidneyResection	chr4	6833696	7098901	41	0.75	0.742908	-0.379903	1	DLOH	1	0	1	1	1	1.063138453	-0.758865695	1	1	HETD	1	0
DTRCC6_LKidneyResection	chr4	81480667	81591116	13	0.692308	0.627346	0.077123	11	UBCNA	5	2	3	1	1	1.973539697	0.133590352	0.716361877	2	NEUT	1	1
DTRCC6_LKidneyResection	chr4	3684743	4101015	40	0.79057	0.785619	-0.090599	10	ASCNA	5	1	4	1	1	1.605532206	-0.164143582	1	2	NEUT	2	0
DTRCC6_LKidneyResection	chr4	185755425	185975490	49	0.6	0.550111	-0.107045	11	UBCNA	5	2	3	1	1	1.571697323	-0.194871776	0.594094744	2	NEUT	1	1
DTRCC6_LKidneyResection	chr4	37751225	39797813	110	0.702941	0.697318	-0.360771	1	DLOH	1	0	1	1	1	1.095746999	-0.715280459	0.945736795	1	HETD	1	0
DTRCC6_LKidneyResection	chr4	183630451	185755424	215	0.611111	0.572727	-0.111949	3	HET	2	1	1	NA	NA	1.561682594	-0.204093926	0.636970758	2	NEUT	1	1
DTRCC6_LKidneyResection	chr4	4101016	5728389	249	0.714286	0.712477	-0.299252	1	DLOH	1	0	1	1	1	1.20357939	-0.57986388	0.95601415	1	HETD	1	0
DTRCC6_LKidneyResection	chr4	187687	3684742	266	0.733333	0.741758	-0.403233	1	DLOH	1	0	1	1	1	1.023955588	-0.813042043	1	1	HETD	1	0
DTRCC6_LKidneyResection	chr4	185975491	189808848	266	0.62069	0.596107	-0.119742	3	HET	2	1	1	NA	NA	1.545837943	-0.218806103	0.681873778	2	NEUT	1	1
DTRCC6_LKidneyResection	chr4	7098902	9264143	285	0.733333	0.740099	-0.257358	10	ASCNA	5	1	4	1	1	1.279688975	-0.491401976	0.99892861	1	HETD	1	0
DTRCC6_LKidneyResection	chr4	5728390	6833695	288	0.766968	0.756241	-0.283607	10	ASCNA	5	1	4	1	1	1.231743698	-0.546493096	1	1	HETD	1	0
DTRCC6_LKidneyResection	chr4	39797814	48199999	1370	0.611111	0.585616	-0.06868	3	HET	2	1	1	NA	NA	1.651230655	-0.123653527	0.657143859	2	NEUT	1	1
DTRCC6_LKidneyResection	chr4	51800001	61992397	1370	0.611111	0.585616	-0.06868	3	HET	2	1	1	NA	NA	1.651230655	-0.123653527	0.657143859	2	NEUT	1	1
DTRCC6_LKidneyResection	chr4	62313385	81480666	1524	0.615385	0.591592	-0.057249	3	HET	2	1	1	NA	NA	1.675339787	-0.102741459	0.667011331	2	NEUT	1	1
DTRCC6_LKidneyResection	chr4	9264144	37565771	3485	0.73913	0.734533	-0.346907	1	DLOH	1	0	1	1	1	1.119648462	-0.684149348	1	1	HETD	1	0
DTRCC6_LKidneyResection	chr4	81591117	183478432	8474	0.615385	0.596386	-0.082955	3	HET	2	1	1	NA	NA	1.621390232	-0.14996383	0.678393664	2	NEUT	1	1
DTRCC6_LKidneyResection	chr5	31932752	32019030	5	0.636364	0.530488	0.242361	11	UBCNA	5	2	3	1	1	2.380437028	0.404031278	0.548156524	2	NEUT	1	1
DTRCC6_LKidneyResection	chr5	26097221	26265365	15	0.575758	0.502092	0.184246	11	UBCNA	5	2	3	1	1	2.231987514	0.31113377	0.503384998	2	NEUT	1	1
DTRCC6_LKidneyResection	chr5	180543367	181089250	18	0.57634	0.517413	0.231793	11	UBCNA	5	2	3	1	1	2.352995298	0.387303251	0.527621938	2	NEUT	1	1
DTRCC6_LKidneyResection	chr5	181089251	181212588	24	0.569498	0.533937	0.152343	3	HET	2	1	1	NA	NA	2.153001083	0.259153859	0.555681891	2	NEUT	1	1
DTRCC6_LKidneyResection	chr5	33561332	33679131	35	0.571429	0.574725	0.241762	11	UBCNA	5	2	3	1	1	2.378876237	0.403085029	0.618058335	2	NEUT	1	1
DTRCC6_LKidneyResection	chr5	178168616	178382436	48	0.552178	0.544073	0.181763	11	UBCNA	5	2	3	1	1	2.22577715	0.307113968	0.571389117	2	NEUT	1	1
DTRCC6_LKidneyResection	chr5	11141283	11389321	53	0.583333	0.500719	0.238013	11	UBCNA	5	2	3	1	1	2.369122314	0.397157498	0.501137668	2	NEUT	1	1
DTRCC6_LKidneyResection	chr5	177051123	178168615	62	0.567117	0.528942	0.156243	3	HET	2	1	1	NA	NA	2.162563375	0.265547226	0.547404382	2	NEUT	1	1
DTRCC6_LKidneyResection	chr5	151415021	151707942	63	0.58	0.545335	0.254929	11	UBCNA	5	2	3	1	1	2.413334883	0.423832936	0.571249573	2	NEUT	1	1
DTRCC6_LKidneyResection	chr5	172561064	172843679	78	0.573593	0.524568	0.169816	11	UBCNA	5	2	3	1	1	2.196044855	0.287712336	0.540001223	2	NEUT	1	1
DTRCC6_LKidneyResection	chr5	32019031	33561331	124	0.6	0.528908	0.145652	3	HET	2	1	1	NA	NA	2.136655721	0.248159279	0.547572292	2	NEUT	1	1
DTRCC6_LKidneyResection	chr5	1732358	2275371	128	0.5625	0.524551	0.247316	8	BCNA	4	2	2	1	1	2.39337297	0.411850049	0.538701991	4	AMP	2	2
DTRCC6_LKidneyResection	chr5	438339	1732357	131	0.578947	0.509149	0.178085	3	HET	2	1	1	NA	NA	2.216597529	0.301151655	0.514842965	2	NEUT	1	1
DTRCC6_LKidneyResection	chr5	133267323	133763961	177	0.566667	0.514208	0.240473	8	BCNA	4	2	2	1	1	2.375519734	0.401048005	0.522458919	4	AMP	2	2
DTRCC6_LKidneyResection	chr5	178382437	180543366	177	0.571429	0.534562	0.174044	3	HET	2	1	1	NA	NA	2.206538869	0.294589975	0.556170037	2	NEUT	1	1
DTRCC6_LKidneyResection	chr5	26265366	31932751	490	0.588235	0.524272	0.131569	3	HET	2	1	1	NA	NA	2.10249923	0.224910086	0.540197671	2	NEUT	1	1
DTRCC6_LKidneyResection	chr5	172843680	176776917	578	0.578947	0.511581	0.185243	3	HET	2	1	1	NA	NA	2.234484173	0.31274664	0.518730848	2	NEUT	1	1
DTRCC6_LKidneyResection	chr5	33679132	41736190	1018	0.583333	0.52057	0.189282	3	HET	2	1	1	NA	NA	2.244616194	0.319273593	0.53321213	2	NEUT	1	1
DTRCC6_LKidneyResection	chr5	11389322	26097220	1092	0.588235	0.520548	0.140442	3	HET	2	1	1	NA	NA	2.123980667	0.239575448	0.533893874	2	NEUT	1	1
DTRCC6_LKidneyResection	chr5	2275372	11141282	2024	0.583333	0.522792	0.1749	3	HET	2	1	1	NA	NA	2.208667231	0.295980885	0.537027744	2	NEUT	1	1
DTRCC6_LKidneyResection	chr5	133763962	151415020	2522	0.571429	0.522321	0.218183	3	HET	2	1	1	NA	NA	2.317949311	0.365653831	0.535605272	2	NEUT	1	1
DTRCC6_LKidneyResection	chr5	151707943	172561063	2795	0.580645	0.521382	0.193066	3	HET	2	1	1	NA	NA	2.254134305	0.32537829	0.534467688	2	NEUT	1	1
DTRCC6_LKidneyResection	chr5	42021897	46099999	8575	0.583333	0.526646	0.175472	3	HET	2	1	1	NA	NA	2.210090158	0.296910037	0.543278214	2	NEUT	1	1
DTRCC6_LKidneyResection	chr5	51400001	133267322	8575	0.583333	0.526646	0.175472	3	HET	2	1	1	NA	NA	2.210090158	0.296910037	0.543278214	2	NEUT	1	1
DTRCC6_LKidneyResection	chr6	169198370	169479575	14	0.67971	0.734563	-0.378545	10	ASCNA	5	1	4	1	1	1.065438795	-0.755747468	1	1	HETD	1	0
DTRCC6_LKidneyResection	chr6	11288362	11525108	53	0.583333	0.574807	0.305279	8	BCNA	4	2	2	1	1	2.548042342	0.502194065	0.615307803	4	AMP	2	2
DTRCC6_LKidneyResection	chr6	186221	486570	79	0.611111	0.50646	0.38197	8	BCNA	4	2	2	1	1	2.762473179	0.618765271	0.509685986	4	AMP	2	2
DTRCC6_LKidneyResection	chr6	169479576	170380550	95	0.724138	0.723881	-0.393431	1	DLOH	1	0	1	1	1	1.040340952	-0.790138765	1	1	HETD	1	0
DTRCC6_LKidneyResection	chr6	166381168	166645756	96	0.714286	0.698585	-0.256841	10	ASCNA	5	1	4	1	1	1.280642093	-0.490327852	0.912502692	1	HETD	1	0
DTRCC6_LKidneyResection	chr6	166645757	169198369	252	0.743421	0.750958	-0.375139	1	DLOH	1	0	1	1	1	1.071217818	-0.747943324	1	1	HETD	1	0
DTRCC6_LKidneyResection	chr6	486571	11288361	1523	0.583333	0.521472	0.195607	3	HET	2	1	1	NA	NA	2.260539853	0.329472165	0.534575532	2	NEUT	1	1
DTRCC6_LKidneyResection	chr6	11525109	58499999	6309	0.578947	0.520368	0.213207	3	HET	2	1	1	NA	NA	2.305218336	0.357708214	0.532556896	2	NEUT	1	1
DTRCC6_LKidneyResection	chr6	62600001	166381167	11174	0.75	0.734536	-0.358247	1	DLOH	1	0	1	1	1	1.100081278	-0.709585068	1	1	HETD	1	0
DTRCC6_LKidneyResection	chr7	73926437	74929353	5	0.666667	0.71831	0.123022	10	ASCNA	5	1	4	1	1	2.081931587	0.210727475	0.862965587	2	NEUT	2	0
DTRCC6_LKidneyResection	chr7	1328580	1570838	33	0.586207	0.500986	0.135375	3	HET	2	1	1	NA	NA	2.111697336	0.231207885	0.50163013	2	NEUT	1	1
DTRCC6_LKidneyResection	chr7	1570839	2547188	42	0.582577	0.518797	0.196207	11	UBCNA	5	2	3	1	1	2.262054026	0.3304382	0.530260404	2	NEUT	1	1
DTRCC6_LKidneyResection	chr7	105235634	105951163	56	0.596296	0.513458	0.212944	11	UBCNA	5	2	3	1	1	2.304546678	0.357287803	0.521514067	2	NEUT	1	1
DTRCC6_LKidneyResection	chr7	155374289	155730343	57	0.565217	0.527707	0.219995	11	UBCNA	5	2	3	1	1	2.322596186	0.368543158	0.544163741	2	NEUT	1	1
DTRCC6_LKidneyResection	chr7	53945	1328579	79	0.58871	0.504702	0.165597	8	BCNA	4	2	2	1	1	2.18560379	0.280836704	0.507669831	4	AMP	2	2
DTRCC6_LKidneyResection	chr7	54921620	55291082	79	0.586207	0.514902	0.209247	11	UBCNA	5	2	3	1	1	2.295118103	0.351373207	0.523859103	2	NEUT	1	1
DTRCC6_LKidneyResection	chr7	155730344	157452982	116	0.588235	0.534247	0.19656	3	HET	2	1	1	NA	NA	2.262945159	0.331006435	0.555124406	2	NEUT	1	1
DTRCC6_LKidneyResection	chr7	157502490	159326796	118	0.56	0.53882	0.122469	3	HET	2	1	1	NA	NA	2.080605031	0.209807932	0.564559133	2	NEUT	1	1
DTRCC6_LKidneyResection	chr7	55291083	58099999	340	0.581989	0.533708	0.154021	3	HET	2	1	1	NA	NA	2.157112153	0.261906	0.555264999	2	NEUT	1	1
DTRCC6_LKidneyResection	chr7	62100001	73926436	340	0.581989	0.533708	0.154021	3	HET	2	1	1	NA	NA	2.157112153	0.261906	0.555264999	2	NEUT	1	1
DTRCC6_LKidneyResection	chr7	49863361	54921619	627	0.583333	0.52	0.16435	3	HET	2	1	1	NA	NA	2.18252359	0.278802061	0.532641514	2	NEUT	1	1
DTRCC6_LKidneyResection	chr7	31146481	49689395	2441	0.576923	0.518219	0.201238	3	HET	2	1	1	NA	NA	2.274775176	0.338528779	0.529267774	2	NEUT	1	1
DTRCC6_LKidneyResection	chr7	74929354	105235633	2458	0.583333	0.524465	0.161577	3	HET	2	1	1	NA	NA	2.175683572	0.274273562	0.539977347	2	NEUT	1	1
DTRCC6_LKidneyResection	chr7	2547189	30878111	4065	0.578947	0.521936	0.182879	3	HET	2	1	1	NA	NA	2.228567115	0.308921223	0.535514749	2	NEUT	1	1
DTRCC6_LKidneyResection	chr7	105951164	155374288	4432	0.580645	0.526132	0.187058	3	HET	2	1	1	NA	NA	2.239033676	0.315681041	0.542232526	2	NEUT	1	1
DTRCC6_LKidneyResection	chr8	3348435	3521803	35	0.714286	0.68552	-0.084183	1	DLOH	1	0	1	1	1	1.61883699	-0.152237467	0.843614096	1	HETD	1	0
DTRCC6_LKidneyResection	chr8	122903441	123614203	41	0.833333	0.832599	0.178637	2	NLOH	2	0	2	1	1	2.217973729	0.302047091	1	2	NEUT	2	0
DTRCC6_LKidneyResection	chr8	123614204	123791177	49	0.833333	0.808354	0.237819	10	ASCNA	5	1	4	1	1	2.368618265	0.396850521	0.987944164	2	NEUT	2	0
DTRCC6_LKidneyResection	chr8	122590401	122903440	53	0.8125	0.78929	0.300976	5	GAIN	3	1	2	1	1	2.536345398	0.495556038	0.946635042	3	GAIN	2	1
DTRCC6_LKidneyResection	chr8	132694271	133014319	70	0.836667	0.837375	0.294166	6	ALOH	4	0	4	1	1	2.517904769	0.485028533	1	4	AMP	4	0
DTRCC6_LKidneyResection	chr8	134010647	134460068	70	0.812169	0.81592	0.23448	6	ALOH	4	0	4	1	1	2.359953536	0.391563269	1	4	AMP	4	0
DTRCC6_LKidneyResection	chr8	14365674	15207279	87	0.733333	0.710383	-0.162518	1	DLOH	1	0	1	1	1	1.460374155	-0.300857145	0.909118083	1	HETD	1	0
DTRCC6_LKidneyResection	chr8	132252941	132694270	96	0.833333	0.808594	0.296949	4	ALOH	3	0	3	1	1	2.525430269	0.489334021	0.97716394	3	GAIN	3	0
DTRCC6_LKidneyResection	chr8	101495392	101784197	98	0.820971	0.825077	0.218616	10	ASCNA	5	1	4	1	1	2.319059209	0.366344468	1	2	NEUT	2	0
DTRCC6_LKidneyResection	chr8	139955561	141136112	104	0.833333	0.828444	0.201488	2	NLOH	2	0	2	1	1	2.275408472	0.338930369	1	2	NEUT	2	0
DTRCC6_LKidneyResection	chr8	141136113	141639860	115	0.837838	0.828877	0.286737	6	ALOH	4	0	4	1	1	2.497886991	0.473513022	1	4	AMP	4	0
DTRCC6_LKidneyResection	chr8	125138333	126210753	122	0.850168	0.827493	0.354991	4	ALOH	3	0	3	1	1	2.68573592	0.578122269	0.995708786	3	GAIN	3	0
DTRCC6_LKidneyResection	chr8	139612003	139955560	122	0.833333	0.839174	0.331164	9	ALOH	5	0	5	1	1	2.619147096	0.5419019	1	3	GAIN	3	0
DTRCC6_LKidneyResection	chr8	143412860	145062405	126	0.831301	0.809701	0.130357	2	NLOH	2	0	2	1	1	2.099575233	0.222902298	1	2	NEUT	2	0
DTRCC6_LKidneyResection	chr8	123791178	125138332	184	0.818182	0.81327	0.17472	2	NLOH	2	0	2	1	1	2.208219573	0.295688446	1	2	NEUT	2	0
DTRCC6_LKidneyResection	chr8	141639861	143412859	308	0.794118	0.793651	0.256415	10	ASCNA	5	1	4	1	1	2.417243599	0.426167682	0.961237527	2	NEUT	2	0
DTRCC6_LKidneyResection	chr8	289299	3348434	314	0.793103	0.78273	-0.059395	2	NLOH	2	0	2	1	1	1.67079908	-0.106656933	1	2	NEUT	2	0
DTRCC6_LKidneyResection	chr8	133014320	134010646	324	0.815789	0.819656	0.247488	2	NLOH	2	0	2	1	1	2.393822806	0.412121179	1	2	NEUT	2	0
DTRCC6_LKidneyResection	chr8	126210754	132252940	914	0.821429	0.805415	0.21813	2	NLOH	2	0	2	1	1	2.317813481	0.365569288	0.987192411	2	NEUT	2	0
DTRCC6_LKidneyResection	chr8	15207280	22607361	1188	0.785714	0.783505	-0.05825	2	NLOH	2	0	2	1	1	1.673220937	-0.104567231	1	2	NEUT	2	0
DTRCC6_LKidneyResection	chr8	134460069	139612002	1188	0.827255	0.819574	0.224593	2	NLOH	2	0	2	1	1	2.334413989	0.375865247	1	2	NEUT	2	0
DTRCC6_LKidneyResection	chr8	3521804	14365673	2129	0.8	0.789792	-0.107524	2	NLOH	2	0	2	1	1	1.57071763	-0.195771338	1	2	NEUT	2	0
DTRCC6_LKidneyResection	chr8	101784198	122590400	2626	0.823529	0.817276	0.200107	2	NLOH	2	0	2	1	1	2.271911516	0.336711461	1	2	NEUT	2	0
DTRCC6_LKidneyResection	chr8	22713496	43199999	6937	0.814815	0.810021	0.134754	2	NLOH	2	0	2	1	1	2.110194884	0.230181057	1	2	NEUT	2	0
DTRCC6_LKidneyResection	chr8	47200001	101495391	6937	0.814815	0.810021	0.134754	2	NLOH	2	0	2	1	1	2.110194884	0.230181057	1	2	NEUT	2	0
DTRCC6_LKidneyResection	chr9	36066986	36259765	6	0.810096	0.584906	0.298233	3	HET	2	1	1	NA	NA	2.528907226	0.491318926	0.631222264	2	NEUT	1	1
DTRCC6_LKidneyResection	chr9	769489	919552	8	0.817063	0.816993	0.237946	9	ALOH	5	0	5	1	1	2.368948227	0.397051483	1	2	NEUT	2	0
DTRCC6_LKidneyResection	chr9	137333716	138111320	26	0.813853	0.776256	0.220785	2	NLOH	2	0	2	1	1	2.32462397	0.369802179	0.940196797	2	NEUT	2	0
DTRCC6_LKidneyResection	chr9	212421	769488	57	0.827586	0.828877	0.300112	4	ALOH	3	0	3	1	1	2.53400097	0.49422189	1	3	GAIN	3	0
DTRCC6_LKidneyResection	chr9	132838550	133481833	59	0.857143	0.837599	0.309577	4	ALOH	3	0	3	1	1	2.559760573	0.508813688	1	3	GAIN	3	0
DTRCC6_LKidneyResection	chr9	131156691	132045407	70	0.88	0.880814	0.3184	4	ALOH	3	0	3	1	1	2.583925603	0.522369346	1	3	GAIN	3	0
DTRCC6_LKidneyResection	chr9	134802114	135097587	76	0.83871	0.831461	0.375883	4	ALOH	3	0	3	1	1	2.74503415	0.609628911	0.998037111	3	GAIN	3	0
DTRCC6_LKidneyResection	chr9	132045408	132838549	85	0.809524	0.810811	0.365934	10	ASCNA	5	1	4	1	1	2.716688573	0.594654006	0.968639184	3	GAIN	3	0
DTRCC6_LKidneyResection	chr9	135097588	135851956	88	0.846154	0.851996	0.443358	6	ALOH	4	0	4	1	1	2.942522262	0.709858143	1	4	AMP	4	0
DTRCC6_LKidneyResection	chr9	90971424	92992955	110	0.851852	0.850534	0.383745	4	ALOH	3	0	3	1	1	2.767572359	0.621425851	1	3	GAIN	3	0
DTRCC6_LKidneyResection	chr9	92992956	93770594	116	0.835586	0.834731	0.383282	6	ALOH	4	0	4	1	1	2.766241658	0.620732009	1	4	AMP	4	0
DTRCC6_LKidneyResection	chr9	135851957	137333715	147	0.853659	0.840194	0.365926	4	ALOH	3	0	3	1	1	2.716665859	0.594641943	1	3	GAIN	3	0
DTRCC6_LKidneyResection	chr9	129407659	131156690	171	0.846154	0.842407	0.361372	6	ALOH	4	0	4	1	1	2.703756256	0.587769912	1	4	AMP	4	0
DTRCC6_LKidneyResection	chr9	87650383	89282951	185	0.837209	0.841521	0.410505	6	ALOH	4	0	4	1	1	2.845213033	0.661341491	1	4	AMP	4	0
DTRCC6_LKidneyResection	chr9	89282952	90755768	249	0.833333	0.838886	0.40188	4	ALOH	3	0	3	1	1	2.820031261	0.648515969	1	3	GAIN	3	0
DTRCC6_LKidneyResection	chr9	133481834	134802113	278	0.85	0.843324	0.406834	6	ALOH	4	0	4	1	1	2.834476682	0.655887214	1	4	AMP	4	0
DTRCC6_LKidneyResection	chr9	126256202	129407658	328	0.848485	0.847899	0.372748	4	ALOH	3	0	3	1	1	2.736081157	0.604915837	1	3	GAIN	3	0
DTRCC6_LKidneyResection	chr9	21641354	26871460	568	0.666667	0.548148	-1.23766	0	HOMD	0	0	0	1	1	0.015625	-6.847195187	1	0	HOMD	0	0
DTRCC6_LKidneyResection	chr9	26871461	36066985	1167	0.846154	0.848238	0.391643	4	ALOH	3	0	3	1	1	2.790337777	0.633244588	1	3	GAIN	3	0
DTRCC6_LKidneyResection	chr9	114449851	126184270	1870	0.848485	0.841197	0.410245	4	ALOH	3	0	3	1	1	2.844451728	0.660955411	1	3	GAIN	3	0
DTRCC6_LKidneyResection	chr9	93770595	114217136	2479	0.846154	0.838057	0.382568	4	ALOH	3	0	3	1	1	2.764190399	0.619661806	1	3	GAIN	3	0
DTRCC6_LKidneyResection	chr9	36259766	42199999	2735	0.842105	0.836334	0.386587	4	ALOH	3	0	3	1	1	2.775749869	0.625682382	1	3	GAIN	3	0
DTRCC6_LKidneyResection	chr9	45500001	87650382	2735	0.842105	0.836334	0.386587	4	ALOH	3	0	3	1	1	2.775749869	0.625682382	1	3	GAIN	3	0
DTRCC6_LKidneyResection	chr9	919553	21446223	3941	0.848485	0.840884	0.379454	4	ALOH	3	0	3	1	1	2.75525601	0.614991189	1	3	GAIN	3	0
DTRCC6_LKidneyResection	chrX	7772291	7921572	18	0.656863	0.667954	-0.194823	1	DLOH	1	0	1	1	1	1.39748959	-0.364357651	0.83374838	1	HETD	1	0
DTRCC6_LKidneyResection	chrX	2854653	7772290	244	0.777778	0.776536	-0.104737	2	NLOH	2	0	2	1	1	1.576422411	-0.190541022	1	2	HLAMP	2	0
DTRCC6_LKidneyResection	chrX	7921573	49574468	2006	0.789474	0.785714	-0.07017	2	NLOH	2	0	2	1	1	1.648102143	-0.126389528	1	2	HLAMP	2	0
DTRCC6_LKidneyResection	chrX	49574469	58099999	3026	0.75	0.732394	-0.378732	1	DLOH	1	0	1	1	1	1.065121903	-0.75617663	1	1	HETD	1	0
DTRCC6_LKidneyResection	chrX	63800001	155695384	3026	0.75	0.732394	-0.378732	1	DLOH	1	0	1	1	1	1.065121903	-0.75617663	1	1	HETD	1	0